TECHNOLOGIES	 c_inv	 c_maint	 lifetime	  f_min	 f	 f_max	 fmin_perc	f_perc	 fmax_perc	 c_p	 c_p_max	 tau	 gwp_constr
 UNITS	[M€/GW]	 [M€/GW/y]	 [y]	 [GW or GWh]	 [GW or GWh]	 [GW or GWh]	 [0-1]	 [0-1]	 [0-1]	 [0-1]	 [0-1]	 [-]	 [ktCO2-eq./GW or GWh] 
NUCLEAR	0.000000	0.000000	60.000000	0.000000	0.000000	0.000000	0.000000	0.000000	1.000000	0.000000	0.849000	0.025393	0.000000
CCGT	1610.289988	40.883010	25.000000	0.000000	2.085868	Infinity	0.000000	0.139551	1.000000	0.385685	0.962000	0.048263	327.481254
CCGT_AMMONIA	0.000712	0.000018	25.000000	0.000000	0.000001	Infinity	0.000000	0.000000	1.000000	0.000491	0.962000	0.048263	0.000145
COAL_US	0.000000	0.000000	35.000000	0.000000	0.000000	0.000000	0.000000	0.000000	1.000000	0.000000	0.868000	0.036934	0.000000
COAL_IGCC	0.000000	0.000000	35.000000	0.000000	0.000000	0.000000	0.000000	0.000000	1.000000	0.000000	0.856000	0.036934	0.000000
PV	0.000115	0.000001	25.000000	0.000000	0.000000	59.200000	0.000000	0.000000	1.000000	0.000172	1.000000	0.048263	0.000147
WIND_ONSHORE	10400.000000	121.000000	30.000000	0.000000	10.000000	10.000000	0.000000	0.421964	1.000000	0.243255	1.000000	0.041639	5570.000000
WIND_OFFSHORE	29820.000000	207.600000	30.000000	0.000000	6.000000	6.000000	0.000000	0.428831	1.000000	0.412023	1.000000	0.041639	4584.000000
HYDRO_RIVER	579.599999	5.796000	40.000000	0.000000	0.115000	0.115000	0.000000	0.009655	1.000000	0.484000	1.000000	0.033427	323.150000
GEOTHERMAL	0.000000	0.000000	30.000000	0.000000	0.000000	0.000000	0.000000	0.000000	1.000000	0.000000	0.950000	0.041639	0.000000
IND_COGEN_GAS	11792.524714	756.896090	25.000000	0.000000	8.363493	Infinity	0.000000	0.972274	1.000000	0.850000	0.850000	0.048263	4307.198743
IND_COGEN_WOOD	0.000852	0.000031	25.000000	0.000000	0.000001	Infinity	0.000000	0.000000	1.000000	0.000770	0.850000	0.048263	0.000133
IND_COGEN_WASTE	0.001017	0.000038	25.000000	0.000000	0.000000	Infinity	0.000000	0.000000	1.000000	0.000415	0.850000	0.048263	0.000201
IND_BOILER_GAS	148.794018	2.980933	17.000000	0.000000	2.526214	Infinity	0.000000	0.026052	1.000000	0.075404	0.950000	0.067080	32.588164
IND_BOILER_WOOD	0.000219	0.000004	17.000000	0.000000	0.000002	Infinity	0.000000	0.000000	1.000000	0.002637	0.900000	0.067080	0.000151
IND_BOILER_OIL	0.000412	0.000009	17.000000	0.000000	0.000008	Infinity	0.000000	0.000000	1.000000	0.000563	0.950000	0.067080	0.000097
IND_BOILER_COAL	0.000259	0.000005	17.000000	0.000000	0.000002	Infinity	0.000000	0.000000	1.000000	0.000145	0.900000	0.067080	0.000094
IND_BOILER_WASTE	0.000170	0.000003	17.000000	0.000000	0.000001	Infinity	0.000000	0.000000	1.000000	0.001138	0.900000	0.067080	0.000117
IND_DIRECT_ELEC	1037.004666	4.716497	15.000000	0.000000	3.123508	Infinity	0.000000	0.001674	1.000000	0.003918	0.950000	0.074944	5.028848
DHN_HP_ELEC	2310.335156	78.350497	25.000000	0.000000	6.696624	Infinity	0.000000	0.461906	1.000000	0.411452	0.950000	0.048263	971.010428
DHN_COGEN_GAS	7707.405020	226.289411	25.000000	0.000000	6.165924	Infinity	0.000000	0.538094	1.000000	0.520572	0.850000	0.048263	968.050070
DHN_COGEN_WOOD	0.000822	0.000030	25.000000	0.000000	0.000001	Infinity	0.000000	0.000000	1.000000	0.000451	0.850000	0.048263	0.000129
DHN_COGEN_WASTE	0.001003	0.000037	25.000000	0.000000	0.000000	Infinity	0.000000	0.000000	1.000000	0.000301	0.850000	0.048263	0.000198
DHN_COGEN_WET_BIOMASS	0.000399	0.000033	25.000000	0.000000	0.000000	Infinity	0.000000	0.000000	1.000000	0.000085	0.750000	0.048263	0.000168
DHN_COGEN_BIO_HYDROLYSIS	0.000943	0.000046	15.000000	0.000000	0.000000	Infinity	0.000000	0.000000	1.000000	0.000244	0.850000	0.074944	0.000120
DHN_BOILER_GAS	0.000432	0.000009	17.000000	0.000000	0.000007	Infinity	0.000000	0.000000	1.000000	0.000624	0.950000	0.067080	0.000095
DHN_BOILER_WOOD	0.000160	0.000003	17.000000	0.000000	0.000001	Infinity	0.000000	0.000000	1.000000	0.000563	0.900000	0.067080	0.000110
DHN_BOILER_OIL	0.000402	0.000009	17.000000	0.000000	0.000007	Infinity	0.000000	0.000000	1.000000	0.000357	0.950000	0.067080	0.000094
DHN_DEEP_GEO	0.000000	0.000000	30.000000	0.000000	0.000000	0.000000	0.000000	0.000000	1.000000	0.000000	0.850000	0.041639	0.000000
DHN_SOLAR	0.000326	0.000000	30.000000	0.000000	0.000001	Infinity	0.000000	0.000000	1.000000	0.000498	1.000000	0.041639	0.000192
DEC_HP_ELEC	12614.937177	525.622382	18.000000	0.000000	25.640116	Infinity	0.000000	1.000000	1.000000	0.415534	1.000000	0.063806	3717.816851
DEC_THHP_GAS	0.000264	0.000008	20.000000	0.000000	0.000001	Infinity	0.000000	0.000000	1.000000	0.001890	1.000000	0.058246	0.000299
DEC_COGEN_GAS	0.001683	0.000108	20.000000	0.000000	0.000001	Infinity	0.000000	0.000000	1.000000	0.004023	1.000000	0.058246	0.000409
DEC_COGEN_OIL	0.000777	0.000048	20.000000	0.000000	0.000001	Infinity	0.000000	0.000000	1.000000	0.000373	1.000000	0.058246	0.000203
DEC_ADVCOGEN_GAS	0.004451	0.000083	20.000000	0.000000	0.000001	Infinity	0.000000	0.000000	1.000000	0.002633	1.000000	0.058246	0.000130
DEC_ADVCOGEN_H2	0.001560	0.000029	20.000000	0.000000	0.000000	Infinity	0.000000	0.000000	1.000000	0.000312	1.000000	0.058246	0.000045
DEC_BOILER_GAS	0.000657	0.000020	17.000000	0.000000	0.000004	Infinity	0.000000	0.000000	1.000000	0.000823	1.000000	0.067080	0.000188
DEC_BOILER_WOOD	0.001320	0.000046	17.000000	0.000000	0.000003	Infinity	0.000000	0.000000	1.000000	0.000857	1.000000	0.067080	0.000196
DEC_BOILER_OIL	0.000636	0.000038	17.000000	0.000000	0.000004	Infinity	0.000000	0.000000	1.000000	0.000431	1.000000	0.067080	0.000204
DEC_SOLAR	0.000722	0.000008	20.000000	0.000000	0.000001	Infinity	0.000000	0.000000	1.000000	0.000469	1.000000	0.058246	0.000521
DEC_DIRECT_ELEC	0.003355	0.000015	15.000000	0.000000	0.000084	Infinity	0.000000	0.000000	1.000000	0.000394	1.000000	0.074944	0.000135
TRAMWAY_TROLLEY	6070.683026	121.413661	30.000000	0.000000	9.713093	Infinity	0.000000	0.300000	0.300000	0.342000	0.342000	0.041639	174.835671
BUS_COACH_DIESEL	0.000024	0.000001	15.000000	0.000000	0.000000	Infinity	0.000000	0.000000	1.000000	0.000018	0.297000	0.074944	0.000004
BUS_COACH_HYDIESEL	0.000075	0.000003	15.000000	0.000000	0.000000	Infinity	0.000000	0.000000	1.000000	0.000678	0.297000	0.074944	0.000011
BUS_COACH_CNG_STOICH	4555.930827	228.169367	15.000000	0.000000	7.456515	Infinity	0.000000	0.200000	1.000000	0.297000	0.297000	0.074944	708.368950
BUS_COACH_FC_HYBRIDH2	0.000083	0.000002	15.000000	0.000000	0.000000	Infinity	0.000000	0.000000	1.000000	0.000361	0.297000	0.074944	0.000011
TRAIN_PUB	30400.214889	1095.213040	40.000000	0.000000	20.132593	Infinity	0.000000	0.500000	0.500000	0.275000	0.275000	0.033427	1640.806300
CAR_GASOLINE	0.000207	0.000012	10.000000	0.000000	0.000000	Infinity	0.000000	0.000000	1.000000	0.000380	0.051400	0.108434	0.000089
CAR_DIESEL	0.000036	0.000002	10.000000	0.000000	0.000000	Infinity	0.000000	0.000000	1.000000	0.000203	0.051400	0.108434	0.000016
CAR_NG	92417.957207	5170.235368	10.000000	0.000000	215.426474	Infinity	0.000000	1.000000	1.000000	0.051400	0.051400	0.108434	38776.765262
CAR_METHANOL	0.000113	0.000006	10.000000	0.000000	0.000000	Infinity	0.000000	0.000000	1.000000	0.000299	0.051400	0.108434	0.000048
CAR_HEV	0.000071	0.000006	10.000000	0.000000	0.000000	Infinity	0.000000	0.000000	1.000000	0.000205	0.051400	0.108434	0.000038
CAR_PHEV	0.010279	0.000766	10.000000	0.000000	0.000023	Infinity	0.000000	0.000000	1.000000	0.006019	0.051400	0.108434	0.005162
CAR_BEV	0.038006	0.000845	10.000000	0.000000	0.000084	Infinity	0.000000	0.000000	1.000000	0.043657	0.051400	0.108434	0.017229
CAR_FUEL_CELL	0.000023	0.000001	10.000000	0.000000	0.000000	Infinity	0.000000	0.000000	1.000000	0.000283	0.051400	0.108434	0.000015
TRAIN_FREIGHT	850.488127	17.091540	40.000000	0.000000	8.177770	Infinity	0.000000	1.000000	1.000000	0.342000	0.342000	0.033427	397.439644
BOAT_FREIGHT_DIESEL	0.000022	0.000001	40.000000	0.000000	0.000000	Infinity	0.000000	0.000000	1.000000	0.000368	0.114000	0.033427	0.000009
BOAT_FREIGHT_NG	2249.213957	112.460698	40.000000	0.000000	29.439973	Infinity	0.000000	1.000000	1.000000	0.114000	0.114000	0.033427	897.919184
BOAT_FREIGHT_METHANOL	0.000015	0.000001	40.000000	0.000000	0.000000	Infinity	0.000000	0.000000	1.000000	0.000659	0.114000	0.033427	0.000006
TRUCK_DIESEL	0.000132	0.000007	15.000000	0.000000	0.000000	Infinity	0.000000	0.000000	1.000000	0.000377	0.092600	0.074944	0.000025
TRUCK_METHANOL	0.000071	0.000004	15.000000	0.000000	0.000000	Infinity	0.000000	0.000000	1.000000	0.000219	0.092600	0.074944	0.000014
TRUCK_FUEL_CELL	0.000052	0.000002	15.000000	0.000000	0.000000	Infinity	0.000000	0.000000	1.000000	0.000004	0.092600	0.074944	0.000013
TRUCK_ELEC	0.000514	0.000015	15.000000	0.000000	0.000001	Infinity	0.000000	0.000000	1.000000	0.000654	0.092600	0.074944	0.000095
TRUCK_NG	20169.560592	1011.196299	15.000000	0.000000	54.365392	Infinity	0.000000	1.000000	1.000000	0.092600	0.092600	0.074944	3512.004351
HABER_BOSCH	0.000435	0.000009	20.000000	0.000000	0.000001	Infinity	0.000000	1.000000	1.000000	0.000502	1.000000	0.058246	0.000151
SYN_METHANOLATION	0.000931	0.000026	20.000000	0.000000	0.000001	Infinity	0.000000	0.000000	1.000000	0.000880	0.950000	0.058246	0.000163
METHANE_TO_METHANOL	0.000668	0.000029	25.000000	0.000000	0.000001	Infinity	0.000000	0.000000	1.000000	0.001108	0.850000	0.048263	0.000205
BIOMASS_TO_METHANOL	4447.180204	67.943031	20.000000	0.000000	1.764754	Infinity	0.000000	1.000000	1.000000	0.933094	1.000000	0.058246	298.243434
OIL_TO_HVC	0.000158	0.000001	15.000000	0.000000	0.000000	Infinity	0.000000	0.000000	1.000000	0.000549	1.000000	0.074944	0.000118
GAS_TO_HVC	0.000446	0.000011	25.000000	0.000000	0.000001	Infinity	0.000000	0.000000	1.000000	0.000215	1.000000	0.048263	0.000164
BIOMASS_TO_HVC	0.001681	0.000050	20.000000	0.000000	0.000001	Infinity	0.000000	0.000000	1.000000	0.000999	1.000000	0.058246	0.000163
METHANOL_TO_HVC	3291.248421	296.070697	20.000000	0.000000	4.722021	Infinity	0.000000	1.000000	1.000000	1.000000	1.000000	0.058246	1388.274083
PHS	294.000396	0.000000	50.000000	5.000000	5.000007	6.500000	0.000000	-1.000000	1.000000	0.002727	1.000000	0.028572	
BATT_LI	0.001480	0.000002	15.000000	0.000000	0.000005	Infinity	0.000000	-1.000000	1.000000	0.000902	1.000000	0.074944	
BEV_BATT	0.000000	0.000000	1.000000	0.000000	0.000084	Infinity	0.000000	-1.000000	1.000000	0.005265	1.000000	1.015000	
PHEV_BATT	0.000000	0.000000	1.000000	0.000000	0.000004	Infinity	0.000000	-1.000000	1.000000	0.000319	1.000000	1.015000	
TS_DEC_DIRECT_ELEC	0.001282	0.000009	20.000000	0.000000	0.000067	Infinity	0.000000	-1.000000	1.000000	0.000429	1.000000	0.058246	
TS_DEC_HP_ELEC	354.066915	2.478468	20.000000	0.000000	18.635101	Infinity	0.000000	-1.000000	1.000000	0.056024	1.000000	0.058246	
TS_DEC_THHP_GAS	0.001286	0.000009	20.000000	0.000000	0.000068	Infinity	0.000000	-1.000000	1.000000	0.000558	1.000000	0.058246	
TS_DEC_COGEN_GAS	0.001286	0.000009	20.000000	0.000000	0.000068	Infinity	0.000000	-1.000000	1.000000	0.001119	1.000000	0.058246	
TS_DEC_COGEN_OIL	0.001279	0.000009	20.000000	0.000000	0.000067	Infinity	0.000000	-1.000000	1.000000	0.000413	1.000000	0.058246	
TS_DEC_ADVCOGEN_GAS	0.001289	0.000009	20.000000	0.000000	0.000068	Infinity	0.000000	-1.000000	1.000000	0.000910	1.000000	0.058246	
TS_DEC_ADVCOGEN_H2	0.001275	0.000009	20.000000	0.000000	0.000067	Infinity	0.000000	-1.000000	1.000000	0.000379	1.000000	0.058246	
TS_DEC_BOILER_GAS	0.001285	0.000009	20.000000	0.000000	0.000068	Infinity	0.000000	-1.000000	1.000000	0.000472	1.000000	0.058246	
TS_DEC_BOILER_WOOD	0.001285	0.000009	20.000000	0.000000	0.000068	Infinity	0.000000	-1.000000	1.000000	0.000470	1.000000	0.058246	
TS_DEC_BOILER_OIL	0.001283	0.000009	20.000000	0.000000	0.000068	Infinity	0.000000	-1.000000	1.000000	0.000432	1.000000	0.058246	
TS_DHN_DAILY	0.000824	0.000002	40.000000	0.000000	0.000275	Infinity	0.000000	-1.000000	1.000000	0.004657	1.000000	0.033427	
TS_DHN_SEASONAL	0.007375	0.000040	25.000000	0.000000	0.013658	Infinity	0.000000	-1.000000	1.000000	0.002871	1.000000	0.048263	
TS_HIGH_TEMP	0.000314	0.000003	25.000000	0.000000	0.000011	Infinity	0.000000	-1.000000	1.000000	0.006261	1.000000	0.048263	
GAS_STORAGE	7926.374033	202.803711	50.000000	0.000000	154811.992835	Infinity	0.000000	-1.000000	1.000000	0.000021	1.000000	0.028572	
H2_STORAGE	0.138088	0.008700	20.000000	0.000000	0.022308	Infinity	0.000000	-1.000000	1.000000	0.000003	1.000000	0.058246	
DIESEL_STORAGE	3017.313708	188.641503	20.000000	0.000000	475167.513145	Infinity	0.000000	-1.000000	1.000000	0.000000	1.000000	0.058246	
GASOLINE_STORAGE	2980.073506	186.313257	20.000000	0.000000	469302.914368	Infinity	0.000000	-1.000000	1.000000	0.000000	1.000000	0.058246	
LFO_STORAGE	3922.123776	245.209943	20.000000	0.000000	617657.287488	Infinity	0.000000	-1.000000	1.000000	0.000000	1.000000	0.058246	
AMMONIA_STORAGE	3850.871306	240.755261	20.000000	0.000000	606436.426199	Infinity	0.000000	-1.000000	1.000000	0.000000	1.000000	0.058246	
METHANOL_STORAGE	3535.139687	221.015820	20.000000	0.000000	556714.911379	Infinity	0.000000	-1.000000	1.000000	0.000000	1.000000	0.058246	
CO2_STORAGE	29.636601	0.296366	30.000000	0.000000	0.598719	Infinity	0.000000	-1.000000	1.000000	0.000000	1.000000	0.041639	
DHN	11141.725944	0.000000	60.000000	0.000000	13.488772	Infinity	0.000000	-1.000000	1.000000	0.000000	1.000000	0.025393	
EFFICIENCY	3152.709360	0.000000	1.000000	0.000000	0.985222	Infinity	0.000000	-1.000000	1.000000	0.000000	1.000000	1.015000	
GRID	80784.800051	0.000000	80.000000	0.000000	1.078569	Infinity	0.000000	-1.000000	1.000000	0.000000	1.000000	0.021548	
AMMONIA_TO_H2	0.000111	0.000010	25.000000	0.000000	0.000000	Infinity	0.000000	-1.000000	1.000000	0.000320	0.860000	0.048263	
ATM_CCS	0.000836	0.000021	40.000000	0.000000	0.000000	Infinity	0.000000	-1.000000	1.000000	0.000108	1.000000	0.033427	
BIOMETHANATION	0.000087	0.000001	20.000000	0.000000	0.000000	Infinity	0.000000	-1.000000	1.000000	0.000120	0.850000	0.058246	
BIO_HYDROLYSIS	0.000120	0.000008	15.000000	0.000000	0.000000	Infinity	0.000000	-1.000000	1.000000	0.000181	0.850000	0.074944	
GASIFICATION_SNG	0.002753	0.000194	25.000000	0.000000	0.000001	Infinity	0.000000	-1.000000	1.000000	0.000799	0.850000	0.048263	
H2_BIOMASS	0.002521	0.000177	25.000000	0.000000	0.000001	Infinity	0.000000	-1.000000	1.000000	0.000386	0.860000	0.048263	
H2_ELECTROLYSIS	0.000089	0.000002	15.000000	0.000000	0.000000	Infinity	0.000000	-1.000000	1.000000	0.000267	0.900000	0.074944	
INDUSTRY_CCS	0.001668	0.000041	40.000000	0.000000	0.000001	Infinity	0.000000	-1.000000	1.000000	0.000338	1.000000	0.033427	
PYROLYSIS_TO_FUELS	0.000792	0.000022	25.000000	0.000000	0.000001	Infinity	0.000000	-1.000000	1.000000	0.000189	0.850000	0.048263	
PYROLYSIS_TO_LFO	0.001125	0.000051	25.000000	0.000000	0.000001	Infinity	0.000000	-1.000000	1.000000	0.003163	0.850000	0.048263	
SMR	0.000141	0.000013	25.000000	0.000000	0.000000	Infinity	0.000000	-1.000000	1.000000	0.000944	0.860000	0.048263	
SYN_METHANATION	0.000260	0.000067	40.000000	0.000000	0.000001	Infinity	0.000000	-1.000000	1.000000	0.000837	1.000000	0.033427	