TECHNOLOGIES	 c_inv	 c_maint	 lifetime	  f_min	 f	 f_max	 fmin_perc	f_perc	 fmax_perc	 c_p	 c_p_max	 tau	 gwp_constr
 UNITS	[M€/GW]	 [M€/GW/y]	 [y]	 [GW or GWh]	 [GW or GWh]	 [GW or GWh]	 [0-1]	 [0-1]	 [0-1]	 [0-1]	 [0-1]	 [-]	 [ktCO2-eq./GW or GWh] 
NUCLEAR	0.000000	0.000000	60.000000	0.000000	0.000000	0.000000	0.000000	0.000000	1.000000	0.000000	0.849000	0.025393	0.000000
CCGT	5644.184191	143.297941	25.000000	0.000000	7.311119	Infinity	0.000000	0.127277	1.000000	0.234695	0.962000	0.048263	1147.845749
CCGT_AMMONIA	0.000380	0.000010	25.000000	0.000000	0.000000	Infinity	0.000000	0.000000	1.000000	0.000137	0.962000	0.048263	0.000077
COAL_US	0.000000	0.000000	35.000000	0.000000	0.000000	0.000000	0.000000	0.000000	1.000000	0.000000	0.868000	0.036934	0.000000
COAL_IGCC	0.000000	0.000000	35.000000	0.000000	0.000000	0.000000	0.000000	0.000000	1.000000	0.000000	0.856000	0.036934	0.000000
PV	51482.246745	588.199463	25.000000	0.000000	59.174996	59.200000	0.000000	0.510455	1.000000	0.116294	1.000000	0.048263	65684.245847
WIND_ONSHORE	10399.999998	121.000000	30.000000	0.000000	10.000000	10.000000	0.000000	0.177151	1.000000	0.238826	1.000000	0.041639	5569.999999
WIND_OFFSHORE	29819.999998	207.600000	30.000000	0.000000	6.000000	6.000000	0.000000	0.181091	1.000000	0.406897	1.000000	0.041639	4584.000000
HYDRO_RIVER	579.599999	5.796000	40.000000	0.000000	0.115000	0.115000	0.000000	0.004026	1.000000	0.471975	1.000000	0.033427	323.149999
GEOTHERMAL	0.000000	0.000000	30.000000	0.000000	0.000000	0.000000	0.000000	0.000000	1.000000	0.000000	0.950000	0.041639	0.000000
IND_COGEN_GAS	10329.135787	662.969354	25.000000	0.000000	7.325628	Infinity	0.000000	0.641537	1.000000	0.640614	0.850000	0.048263	3772.698532
IND_COGEN_WOOD	0.000330	0.000012	25.000000	0.000000	0.000000	Infinity	0.000000	0.000000	1.000000	0.000351	0.850000	0.048263	0.000052
IND_COGEN_WASTE	0.000432	0.000016	25.000000	0.000000	0.000000	Infinity	0.000000	0.000000	1.000000	0.000463	0.850000	0.048263	0.000085
IND_BOILER_GAS	0.000224	0.000004	17.000000	0.000000	0.000004	Infinity	0.000000	0.000000	1.000000	0.001042	0.950000	0.067080	0.000049
IND_BOILER_WOOD	0.000217	0.000004	17.000000	0.000000	0.000002	Infinity	0.000000	0.000000	1.000000	0.000907	0.900000	0.067080	0.000149
IND_BOILER_OIL	0.000204	0.000004	17.000000	0.000000	0.000004	Infinity	0.000000	0.000000	1.000000	0.000304	0.950000	0.067080	0.000048
IND_BOILER_COAL	0.000211	0.000004	17.000000	0.000000	0.000002	Infinity	0.000000	0.000000	1.000000	0.000364	0.900000	0.067080	0.000077
IND_BOILER_WASTE	448.583604	8.971672	17.000000	0.000000	3.900727	Infinity	0.000000	0.225630	1.000000	0.423128	0.900000	0.067080	307.767360
IND_DIRECT_ELEC	4335.475494	19.718578	15.000000	0.000000	13.058661	Infinity	0.000000	0.132833	1.000000	0.074409	0.950000	0.074944	21.024444
DHN_HP_ELEC	3494.935678	118.523906	25.000000	0.000000	10.130248	Infinity	0.000000	1.000000	1.000000	0.593157	0.950000	0.048263	1468.886010
DHN_COGEN_GAS	0.001750	0.000051	25.000000	0.000000	0.000001	Infinity	0.000000	0.000000	1.000000	0.003971	0.850000	0.048263	0.000220
DHN_COGEN_WOOD	0.000258	0.000009	25.000000	0.000000	0.000000	Infinity	0.000000	0.000000	1.000000	0.000180	0.850000	0.048263	0.000040
DHN_COGEN_WASTE	0.000342	0.000013	25.000000	0.000000	0.000000	Infinity	0.000000	0.000000	1.000000	0.000190	0.850000	0.048263	0.000068
DHN_COGEN_WET_BIOMASS	0.000217	0.000018	25.000000	0.000000	0.000000	Infinity	0.000000	0.000000	1.000000	0.000226	0.750000	0.048263	0.000092
DHN_COGEN_BIO_HYDROLYSIS	0.001772	0.000087	15.000000	0.000000	0.000000	Infinity	0.000000	0.000000	1.000000	0.003174	0.850000	0.074944	0.000226
DHN_BOILER_GAS	0.000110	0.000002	17.000000	0.000000	0.000002	Infinity	0.000000	0.000000	1.000000	0.000330	0.950000	0.067080	0.000024
DHN_BOILER_WOOD	0.000085	0.000002	17.000000	0.000000	0.000001	Infinity	0.000000	0.000000	1.000000	0.000264	0.900000	0.067080	0.000058
DHN_BOILER_OIL	0.000043	0.000001	17.000000	0.000000	0.000001	Infinity	0.000000	0.000000	1.000000	0.000175	0.950000	0.067080	0.000010
DHN_DEEP_GEO	0.000000	0.000000	30.000000	0.000000	0.000000	0.000000	0.000000	0.000000	1.000000	0.000000	0.850000	0.041639	0.000000
DHN_SOLAR	0.000184	0.000000	30.000000	0.000000	0.000001	Infinity	0.000000	0.000000	1.000000	0.000270	1.000000	0.041639	0.000108
DEC_HP_ELEC	11934.762859	497.281786	18.000000	0.000000	24.257648	Infinity	0.000000	1.000000	1.000000	0.444521	1.000000	0.063806	3517.358973
DEC_THHP_GAS	0.000419	0.000012	20.000000	0.000000	0.000001	Infinity	0.000000	0.000000	1.000000	0.001834	1.000000	0.058246	0.000474
DEC_COGEN_GAS	0.000489	0.000031	20.000000	0.000000	0.000000	Infinity	0.000000	0.000000	1.000000	0.000714	1.000000	0.058246	0.000119
DEC_COGEN_OIL	0.000372	0.000023	20.000000	0.000000	0.000000	Infinity	0.000000	0.000000	1.000000	0.000184	1.000000	0.058246	0.000097
DEC_ADVCOGEN_GAS	0.000980	0.000018	20.000000	0.000000	0.000000	Infinity	0.000000	0.000000	1.000000	0.000384	1.000000	0.058246	0.000029
DEC_ADVCOGEN_H2	0.000646	0.000012	20.000000	0.000000	0.000000	Infinity	0.000000	0.000000	1.000000	0.000107	1.000000	0.058246	0.000019
DEC_BOILER_GAS	0.000391	0.000012	17.000000	0.000000	0.000002	Infinity	0.000000	0.000000	1.000000	0.000399	1.000000	0.067080	0.000112
DEC_BOILER_WOOD	0.000418	0.000015	17.000000	0.000000	0.000001	Infinity	0.000000	0.000000	1.000000	0.000384	1.000000	0.067080	0.000062
DEC_BOILER_OIL	0.000305	0.000018	17.000000	0.000000	0.000002	Infinity	0.000000	0.000000	1.000000	0.000231	1.000000	0.067080	0.000098
DEC_SOLAR	0.002655	0.000029	20.000000	0.000000	0.000004	Infinity	0.000000	0.000000	1.000000	0.001784	1.000000	0.058246	0.001916
DEC_DIRECT_ELEC	0.000398	0.000002	15.000000	0.000000	0.000010	Infinity	0.000000	0.000000	1.000000	0.000259	1.000000	0.074944	0.000016
TRAMWAY_TROLLEY	6070.683029	121.413661	30.000000	0.000000	9.713093	Infinity	0.000000	0.300000	0.300000	0.342000	0.342000	0.041639	174.835671
BUS_COACH_DIESEL	0.000070	0.000004	15.000000	0.000000	0.000000	Infinity	0.000000	0.000000	1.000000	0.000336	0.297000	0.074944	0.000011
BUS_COACH_HYDIESEL	0.000107	0.000004	15.000000	0.000000	0.000000	Infinity	0.000000	0.000000	1.000000	0.000378	0.297000	0.074944	0.000015
BUS_COACH_CNG_STOICH	4555.930909	228.169371	15.000000	0.000000	7.456515	Infinity	0.000000	0.200000	1.000000	0.297000	0.297000	0.074944	708.368963
BUS_COACH_FC_HYBRIDH2	0.000116	0.000003	15.000000	0.000000	0.000000	Infinity	0.000000	0.000000	1.000000	0.000328	0.297000	0.074944	0.000015
TRAIN_PUB	30400.214636	1095.213031	40.000000	0.000000	20.132592	Infinity	0.000000	0.500000	0.500000	0.275000	0.275000	0.033427	1640.806287
CAR_GASOLINE	0.000148	0.000008	10.000000	0.000000	0.000000	Infinity	0.000000	0.000000	1.000000	0.000079	0.051400	0.108434	0.000064
CAR_DIESEL	0.000040	0.000002	10.000000	0.000000	0.000000	Infinity	0.000000	0.000000	1.000000	0.000046	0.051400	0.108434	0.000018
CAR_NG	0.000249	0.000014	10.000000	0.000000	0.000001	Infinity	0.000000	0.000000	1.000000	0.000298	0.051400	0.108434	0.000104
CAR_METHANOL	0.000018	0.000001	10.000000	0.000000	0.000000	Infinity	0.000000	0.000000	1.000000	0.000004	0.051400	0.108434	0.000008
CAR_HEV	0.000037	0.000003	10.000000	0.000000	0.000000	Infinity	0.000000	0.000000	1.000000	0.000044	0.051400	0.108434	0.000020
CAR_PHEV	0.009084	0.000677	10.000000	0.000000	0.000020	Infinity	0.000000	0.000000	1.000000	0.004994	0.051400	0.108434	0.004562
CAR_BEV	96941.953343	2154.265630	10.000000	0.000000	215.426563	Infinity	0.000000	1.000000	1.000000	0.051400	0.051400	0.108434	43947.018849
CAR_FUEL_CELL	0.000143	0.000003	10.000000	0.000000	0.000000	Infinity	0.000000	0.000000	1.000000	0.000169	0.051400	0.108434	0.000092
TRAIN_FREIGHT	850.488145	17.091541	40.000000	0.000000	8.177771	Infinity	0.000000	1.000000	1.000000	0.342000	0.342000	0.033427	397.439652
BOAT_FREIGHT_DIESEL	0.000088	0.000004	40.000000	0.000000	0.000001	Infinity	0.000000	0.000000	1.000000	0.001185	0.114000	0.033427	0.000035
BOAT_FREIGHT_NG	2249.213916	112.460696	40.000000	0.000000	29.439973	Infinity	0.000000	1.000000	1.000000	0.114000	0.114000	0.033427	897.919168
BOAT_FREIGHT_METHANOL	0.000006	0.000000	40.000000	0.000000	0.000000	Infinity	0.000000	0.000000	1.000000	0.000028	0.114000	0.033427	0.000002
TRUCK_DIESEL	0.000824	0.000041	15.000000	0.000000	0.000002	Infinity	0.000000	0.000000	1.000000	0.002025	0.092600	0.074944	0.000157
TRUCK_METHANOL	0.000254	0.000013	15.000000	0.000000	0.000001	Infinity	0.000000	0.000000	1.000000	0.000626	0.092600	0.074944	0.000048
TRUCK_FUEL_CELL	0.000229	0.000007	15.000000	0.000000	0.000001	Infinity	0.000000	0.000000	1.000000	0.000498	0.092600	0.074944	0.000058
TRUCK_ELEC	0.000089	0.000003	15.000000	0.000000	0.000000	Infinity	0.000000	0.000000	1.000000	0.000066	0.092600	0.074944	0.000016
TRUCK_NG	20169.560037	1011.196271	15.000000	0.000000	54.365391	Infinity	0.000000	1.000000	1.000000	0.092600	0.092600	0.074944	3512.004254
HABER_BOSCH	0.000304	0.000006	20.000000	0.000000	0.000000	Infinity	0.000000	1.000000	1.000000	0.000383	1.000000	0.058246	0.000106
SYN_METHANOLATION	0.000375	0.000011	20.000000	0.000000	0.000000	Infinity	0.000000	0.000000	1.000000	0.000610	0.950000	0.058246	0.000066
METHANE_TO_METHANOL	0.000372	0.000016	25.000000	0.000000	0.000000	Infinity	0.000000	0.000000	1.000000	0.001363	0.850000	0.048263	0.000114
BIOMASS_TO_METHANOL	4149.638400	63.397253	20.000000	0.000000	1.646682	Infinity	0.000000	1.000000	1.000000	1.000000	1.000000	0.058246	278.289242
OIL_TO_HVC	0.000275	0.000001	15.000000	0.000000	0.000001	Infinity	0.000000	0.000000	1.000000	0.000898	1.000000	0.074944	0.000204
GAS_TO_HVC	0.000290	0.000007	25.000000	0.000000	0.000000	Infinity	0.000000	0.000000	1.000000	0.000137	1.000000	0.048263	0.000107
BIOMASS_TO_HVC	0.000423	0.000013	20.000000	0.000000	0.000000	Infinity	0.000000	0.000000	1.000000	0.000717	1.000000	0.058246	0.000041
METHANOL_TO_HVC	3291.248307	296.070687	20.000000	0.000000	4.722021	Infinity	0.000000	1.000000	1.000000	1.000000	1.000000	0.058246	1388.274035
PHS	382.199880	0.000000	50.000000	5.000000	6.499998	6.500000	0.000000	-1.000000	1.000000	0.020294	1.000000	0.028572	
BATT_LI	0.003543	0.000005	15.000000	0.000000	0.000012	Infinity	0.000000	-1.000000	1.000000	0.003711	1.000000	0.074944	
BEV_BATT	0.000000	0.000000	1.000000	0.000000	213.716828	Infinity	0.000000	-1.000000	1.000000	0.003573	1.000000	1.015000	
PHEV_BATT	0.000000	0.000000	1.000000	0.000000	0.000004	Infinity	0.000000	-1.000000	1.000000	0.000276	1.000000	1.015000	
TS_DEC_DIRECT_ELEC	0.000958	0.000007	20.000000	0.000000	0.000050	Infinity	0.000000	-1.000000	1.000000	0.000290	1.000000	0.058246	
TS_DEC_HP_ELEC	1474.486016	10.321402	20.000000	0.000000	77.604527	Infinity	0.000000	-1.000000	1.000000	0.032663	1.000000	0.058246	
TS_DEC_THHP_GAS	0.000956	0.000007	20.000000	0.000000	0.000050	Infinity	0.000000	-1.000000	1.000000	0.000544	1.000000	0.058246	
TS_DEC_COGEN_GAS	0.000954	0.000007	20.000000	0.000000	0.000050	Infinity	0.000000	-1.000000	1.000000	0.000326	1.000000	0.058246	
TS_DEC_COGEN_OIL	0.000954	0.000007	20.000000	0.000000	0.000050	Infinity	0.000000	-1.000000	1.000000	0.000237	1.000000	0.058246	
TS_DEC_ADVCOGEN_GAS	0.000953	0.000007	20.000000	0.000000	0.000050	Infinity	0.000000	-1.000000	1.000000	0.000241	1.000000	0.058246	
TS_DEC_ADVCOGEN_H2	0.000952	0.000007	20.000000	0.000000	0.000050	Infinity	0.000000	-1.000000	1.000000	0.000184	1.000000	0.058246	
TS_DEC_BOILER_GAS	0.000956	0.000007	20.000000	0.000000	0.000050	Infinity	0.000000	-1.000000	1.000000	0.000294	1.000000	0.058246	
TS_DEC_BOILER_WOOD	0.000956	0.000007	20.000000	0.000000	0.000050	Infinity	0.000000	-1.000000	1.000000	0.000295	1.000000	0.058246	
TS_DEC_BOILER_OIL	0.000956	0.000007	20.000000	0.000000	0.000050	Infinity	0.000000	-1.000000	1.000000	0.000265	1.000000	0.058246	
TS_DHN_DAILY	0.001244	0.000004	40.000000	0.000000	0.000415	Infinity	0.000000	-1.000000	1.000000	0.000803	1.000000	0.033427	
TS_DHN_SEASONAL	724.550962	3.971613	25.000000	0.000000	1341.761041	Infinity	0.000000	-1.000000	1.000000	0.001533	1.000000	0.048263	
TS_HIGH_TEMP	1246.828057	13.358872	25.000000	0.000000	44.529573	Infinity	0.000000	-1.000000	1.000000	0.017854	1.000000	0.048263	
GAS_STORAGE	6008.661549	153.737239	50.000000	0.000000	117356.670877	Infinity	0.000000	-1.000000	1.000000	0.000034	1.000000	0.028572	
H2_STORAGE	0.006530	0.000411	20.000000	0.000000	0.001055	Infinity	0.000000	-1.000000	1.000000	0.000035	1.000000	0.058246	
DIESEL_STORAGE	3103.927348	194.056560	20.000000	0.000000	488807.456427	Infinity	0.000000	-1.000000	1.000000	0.000000	1.000000	0.058246	
GASOLINE_STORAGE	3871.852221	242.066981	20.000000	0.000000	609740.507170	Infinity	0.000000	-1.000000	1.000000	0.000000	1.000000	0.058246	
LFO_STORAGE	1561.691908	97.636486	20.000000	0.000000	245935.733618	Infinity	0.000000	-1.000000	1.000000	0.000000	1.000000	0.058246	
AMMONIA_STORAGE	2150.055771	134.420810	20.000000	0.000000	338591.459953	Infinity	0.000000	-1.000000	1.000000	0.000000	1.000000	0.058246	
METHANOL_STORAGE	3031.692971	189.540490	20.000000	0.000000	477431.963978	Infinity	0.000000	-1.000000	1.000000	0.000000	1.000000	0.058246	
CO2_STORAGE	0.011496	0.000115	30.000000	0.000000	0.000232	Infinity	0.000000	-1.000000	1.000000	0.000012	1.000000	0.041639	
DHN	8850.229358	0.000000	60.000000	0.000000	10.714563	Infinity	0.000000	-1.000000	1.000000	0.000000	1.000000	0.025393	
EFFICIENCY	3152.709360	0.000000	1.000000	0.000000	0.985222	Infinity	0.000000	-1.000000	1.000000	0.000000	1.000000	1.015000	
GRID	102549.363623	0.000000	80.000000	0.000000	1.369150	Infinity	0.000000	-1.000000	1.000000	0.000000	1.000000	0.021548	
AMMONIA_TO_H2	0.000142	0.000013	25.000000	0.000000	0.000000	Infinity	0.000000	-1.000000	1.000000	0.000163	0.860000	0.048263	
ATM_CCS	0.000425	0.000011	40.000000	0.000000	0.000000	Infinity	0.000000	-1.000000	1.000000	0.000066	1.000000	0.033427	
BIOMETHANATION	0.000273	0.000004	20.000000	0.000000	0.000000	Infinity	0.000000	-1.000000	1.000000	0.000510	0.850000	0.058246	
BIO_HYDROLYSIS	3513.694003	240.875878	15.000000	0.000000	2.209870	Infinity	0.000000	-1.000000	1.000000	0.850000	0.850000	0.074944	
GASIFICATION_SNG	0.000278	0.000020	25.000000	0.000000	0.000000	Infinity	0.000000	-1.000000	1.000000	0.000228	0.850000	0.048263	
H2_BIOMASS	0.000256	0.000018	25.000000	0.000000	0.000000	Infinity	0.000000	-1.000000	1.000000	0.000138	0.860000	0.048263	
H2_ELECTROLYSIS	0.000491	0.000013	15.000000	0.000000	0.000001	Infinity	0.000000	-1.000000	1.000000	0.000936	0.900000	0.074944	
INDUSTRY_CCS	0.000465	0.000012	40.000000	0.000000	0.000000	Infinity	0.000000	-1.000000	1.000000	0.000170	1.000000	0.033427	
PYROLYSIS_TO_FUELS	0.000336	0.000009	25.000000	0.000000	0.000000	Infinity	0.000000	-1.000000	1.000000	0.000158	0.850000	0.048263	
PYROLYSIS_TO_LFO	0.000354	0.000016	25.000000	0.000000	0.000000	Infinity	0.000000	-1.000000	1.000000	0.000650	0.850000	0.048263	
SMR	0.000184	0.000017	25.000000	0.000000	0.000000	Infinity	0.000000	-1.000000	1.000000	0.001009	0.860000	0.048263	
SYN_METHANATION	0.000086	0.000022	40.000000	0.000000	0.000000	Infinity	0.000000	-1.000000	1.000000	0.000346	1.000000	0.033427	