Storage tech	Year flux [TWh]ELECTRICITY	GASOLINE	DIESEL	LFO	GAS	WOOD	WET_BIOMASS	COAL	URANIUM	WASTE	H2	AMMONIA	METHANOL	RES_WIND	RES_SOLAR	RES_HYDRO	RES_GEO	CO2_ATM	CO2_INDUSTRY	CO2_CAPTURED	HEAT_HIGH_T	HEAT_LOW_T_DHN	HEAT_LOW_T_DECEN	MOB_PUBLIC	MOB_PRIVATE	MOB_FREIGHT_RAIL	MOB_FREIGHT_BOAT	MOB_FREIGHT_ROAD	HVC	
 PHS	1344.106068	8.760000	8.760000	8.760000	8.760000	8.760000	8.760000	8.760000	8.760000	8.760000	8.760000	8.760000	8.760000	8.760000	8.760000	8.760000	8.760000	8.760000	8.760000	8.760000	8.760000	8.760000	8.760000	8.760000	8.760000	8.760000	8.760000	8.760000	8.760000
 BATT_LI	8.760000	8.760000	8.760000	8.760000	8.760000	8.760000	8.760000	8.760000	8.760000	8.760000	8.760000	8.760000	8.760000	8.760000	8.760000	8.760000	8.760000	8.760000	8.760000	8.760000	8.760000	8.760000	8.760000	8.760000	8.760000	8.760000	8.760000	8.760000	8.760000
 BEV_BATT	8165.575423	8.760000	8.760000	8.760000	8.760000	8.760000	8.760000	8.760000	8.760000	8.760000	8.760000	8.760000	8.760000	8.760000	8.760000	8.760000	8.760000	8.760000	8.760000	8.760000	8.760000	8.760000	8.760000	8.760000	8.760000	8.760000	8.760000	8.760000	8.760000
 PHEV_BATT	8.760000	8.760000	8.760000	8.760000	8.760000	8.760000	8.760000	8.760000	8.760000	8.760000	8.760000	8.760000	8.760000	8.760000	8.760000	8.760000	8.760000	8.760000	8.760000	8.760000	8.760000	8.760000	8.760000	8.760000	8.760000	8.760000	8.760000	8.760000	8.760000
 TS_DEC_DIRECT_ELEC	8.760000	8.760000	8.760000	8.760000	8.760000	8.760000	8.760000	8.760000	8.760000	8.760000	8.760000	8.760000	8.760000	8.760000	8.760000	8.760000	8.760000	8.760000	8.760000	8.760000	8.760000	8.760000	8.760000	8.760000	8.760000	8.760000	8.760000	8.760000	8.760000
 TS_DEC_HP_ELEC	8.760000	8.760000	8.760000	8.760000	8.760000	8.760000	8.760000	8.760000	8.760000	8.760000	8.760000	8.760000	8.760000	8.760000	8.760000	8.760000	8.760000	8.760000	8.760000	8.760000	8.760000	8.760000	22210.227709	8.760000	8.760000	8.760000	8.760000	8.760000	8.760000
 TS_DEC_THHP_GAS	8.760000	8.760000	8.760000	8.760000	8.760000	8.760000	8.760000	8.760000	8.760000	8.760000	8.760000	8.760000	8.760000	8.760000	8.760000	8.760000	8.760000	8.760000	8.760000	8.760000	8.760000	8.760000	8.760000	8.760000	8.760000	8.760000	8.760000	8.760000	8.760000
 TS_DEC_COGEN_GAS	8.760000	8.760000	8.760000	8.760000	8.760000	8.760000	8.760000	8.760000	8.760000	8.760000	8.760000	8.760000	8.760000	8.760000	8.760000	8.760000	8.760000	8.760000	8.760000	8.760000	8.760000	8.760000	8.760000	8.760000	8.760000	8.760000	8.760000	8.760000	8.760000
 TS_DEC_COGEN_OIL	8.760000	8.760000	8.760000	8.760000	8.760000	8.760000	8.760000	8.760000	8.760000	8.760000	8.760000	8.760000	8.760000	8.760000	8.760000	8.760000	8.760000	8.760000	8.760000	8.760000	8.760000	8.760000	8.760000	8.760000	8.760000	8.760000	8.760000	8.760000	8.760000
 TS_DEC_ADVCOGEN_GAS	8.760000	8.760000	8.760000	8.760000	8.760000	8.760000	8.760000	8.760000	8.760000	8.760000	8.760000	8.760000	8.760000	8.760000	8.760000	8.760000	8.760000	8.760000	8.760000	8.760000	8.760000	8.760000	8.760000	8.760000	8.760000	8.760000	8.760000	8.760000	8.760000
 TS_DEC_ADVCOGEN_H2	8.760000	8.760000	8.760000	8.760000	8.760000	8.760000	8.760000	8.760000	8.760000	8.760000	8.760000	8.760000	8.760000	8.760000	8.760000	8.760000	8.760000	8.760000	8.760000	8.760000	8.760000	8.760000	8.760000	8.760000	8.760000	8.760000	8.760000	8.760000	8.760000
 TS_DEC_BOILER_GAS	8.760000	8.760000	8.760000	8.760000	8.760000	8.760000	8.760000	8.760000	8.760000	8.760000	8.760000	8.760000	8.760000	8.760000	8.760000	8.760000	8.760000	8.760000	8.760000	8.760000	8.760000	8.760000	8.760000	8.760000	8.760000	8.760000	8.760000	8.760000	8.760000
 TS_DEC_BOILER_WOOD	8.760000	8.760000	8.760000	8.760000	8.760000	8.760000	8.760000	8.760000	8.760000	8.760000	8.760000	8.760000	8.760000	8.760000	8.760000	8.760000	8.760000	8.760000	8.760000	8.760000	8.760000	8.760000	8.760000	8.760000	8.760000	8.760000	8.760000	8.760000	8.760000
 TS_DEC_BOILER_OIL	8.760000	8.760000	8.760000	8.760000	8.760000	8.760000	8.760000	8.760000	8.760000	8.760000	8.760000	8.760000	8.760000	8.760000	8.760000	8.760000	8.760000	8.760000	8.760000	8.760000	8.760000	8.760000	8.760000	8.760000	8.760000	8.760000	8.760000	8.760000	8.760000
 TS_DHN_DAILY	8.760000	8.760000	8.760000	8.760000	8.760000	8.760000	8.760000	8.760000	8.760000	8.760000	8.760000	8.760000	8.760000	8.760000	8.760000	8.760000	8.760000	8.760000	8.760000	8.760000	8.760000	8.760000	8.760000	8.760000	8.760000	8.760000	8.760000	8.760000	8.760000
 TS_DHN_SEASONAL	8.760000	8.760000	8.760000	8.760000	8.760000	8.760000	8.760000	8.760000	8.760000	8.760000	8.760000	8.760000	8.760000	8.760000	8.760000	8.760000	8.760000	8.760000	8.760000	8.760000	8.760000	18024.265001	8.760000	8.760000	8.760000	8.760000	8.760000	8.760000	8.760000
 TS_HIGH_TEMP	8.760000	8.760000	8.760000	8.760000	8.760000	8.760000	8.760000	8.760000	8.760000	8.760000	8.760000	8.760000	8.760000	8.760000	8.760000	8.760000	8.760000	8.760000	8.760000	8.760000	6967.342653	8.760000	8.760000	8.760000	8.760000	8.760000	8.760000	8.760000	8.760000
 GAS_STORAGE	8.760000	8.760000	8.760000	8.760000	35426.088237	8.760000	8.760000	8.760000	8.760000	8.760000	8.760000	8.760000	8.760000	8.760000	8.760000	8.760000	8.760000	8.760000	8.760000	8.760000	8.760000	8.760000	8.760000	8.760000	8.760000	8.760000	8.760000	8.760000	8.760000
 H2_STORAGE	8.760000	8.760000	8.760000	8.760000	8.760000	8.760000	8.760000	8.760000	8.760000	8.760000	8.760000	8.760000	8.760000	8.760000	8.760000	8.760000	8.760000	8.760000	8.760000	8.760000	8.760000	8.760000	8.760000	8.760000	8.760000	8.760000	8.760000	8.760000	8.760000
 DIESEL_STORAGE	8.760000	8.760000	8.760000	8.760000	8.760000	8.760000	8.760000	8.760000	8.760000	8.760000	8.760000	8.760000	8.760000	8.760000	8.760000	8.760000	8.760000	8.760000	8.760000	8.760000	8.760000	8.760000	8.760000	8.760000	8.760000	8.760000	8.760000	8.760000	8.760000
 GASOLINE_STORAGE	8.760000	8.760000	8.760000	8.760000	8.760000	8.760000	8.760000	8.760000	8.760000	8.760000	8.760000	8.760000	8.760000	8.760000	8.760000	8.760000	8.760000	8.760000	8.760000	8.760000	8.760000	8.760000	8.760000	8.760000	8.760000	8.760000	8.760000	8.760000	8.760000
 LFO_STORAGE	8.760000	8.760000	8.760000	8.760000	8.760000	8.760000	8.760000	8.760000	8.760000	8.760000	8.760000	8.760000	8.760000	8.760000	8.760000	8.760000	8.760000	8.760000	8.760000	8.760000	8.760000	8.760000	8.760000	8.760000	8.760000	8.760000	8.760000	8.760000	8.760000
 AMMONIA_STORAGE	8.760000	8.760000	8.760000	8.760000	8.760000	8.760000	8.760000	8.760000	8.760000	8.760000	8.760000	54.146877	8.760000	8.760000	8.760000	8.760000	8.760000	8.760000	8.760000	8.760000	8.760000	8.760000	8.760000	8.760000	8.760000	8.760000	8.760000	8.760000	8.760000
 METHANOL_STORAGE	8.760000	8.760000	8.760000	8.760000	8.760000	8.760000	8.760000	8.760000	8.760000	8.760000	8.760000	8.760000	911.877973	8.760000	8.760000	8.760000	8.760000	8.760000	8.760000	8.760000	8.760000	8.760000	8.760000	8.760000	8.760000	8.760000	8.760000	8.760000	8.760000
 CO2_STORAGE	8.760000	8.760000	8.760000	8.760000	8.760000	8.760000	8.760000	8.760000	8.760000	8.760000	8.760000	8.760000	8.760000	8.760000	8.760000	8.760000	8.760000	8.760000	8.760000	8.760000	8.760000	8.760000	8.760000	8.760000	8.760000	8.760000	8.760000	8.760000	8.760000