TECHNOLOGIES	 c_inv	 c_maint	 lifetime	  f_min	 f	 f_max	 fmin_perc	f_perc	 fmax_perc	 c_p	 c_p_max	 tau	 gwp_constr
 UNITS	[M€/GW]	 [M€/GW/y]	 [y]	 [GW or GWh]	 [GW or GWh]	 [GW or GWh]	 [0-1]	 [0-1]	 [0-1]	 [0-1]	 [0-1]	 [-]	 [ktCO2-eq./GW or GWh] 
NUCLEAR	0.000000	0.000000	60.000000	0.000000	0.000000	0.000000	0.000000	0.000000	1.000000	0.000000	0.849000	0.025393	0.000000
CCGT	5567.065034	141.339993	25.000000	0.000000	7.211224	Infinity	0.000000	0.122066	1.000000	0.229881	0.962000	0.048263	1132.162190
CCGT_AMMONIA	0.000305	0.000008	25.000000	0.000000	0.000000	Infinity	0.000000	0.000000	1.000000	0.000107	0.962000	0.048263	0.000062
COAL_US	0.000000	0.000000	35.000000	0.000000	0.000000	0.000000	0.000000	0.000000	1.000000	0.000000	0.868000	0.036934	0.000000
COAL_IGCC	0.000000	0.000000	35.000000	0.000000	0.000000	0.000000	0.000000	0.000000	1.000000	0.000000	0.856000	0.036934	0.000000
PV	51482.248081	588.199478	25.000000	0.000000	59.174998	59.200000	0.000000	0.515698	1.000000	0.118351	1.000000	0.048263	65684.247551
WIND_ONSHORE	10399.999999	121.000000	30.000000	0.000000	10.000000	10.000000	0.000000	0.178406	1.000000	0.242284	1.000000	0.041639	5569.999999
WIND_OFFSHORE	29820.000000	207.600000	30.000000	0.000000	6.000000	6.000000	0.000000	0.179799	1.000000	0.406962	1.000000	0.041639	4584.000000
HYDRO_RIVER	579.600000	5.796000	40.000000	0.000000	0.115000	0.115000	0.000000	0.004031	1.000000	0.476039	1.000000	0.033427	323.150000
GEOTHERMAL	0.000000	0.000000	30.000000	0.000000	0.000000	0.000000	0.000000	0.000000	1.000000	0.000000	0.950000	0.041639	0.000000
IND_COGEN_GAS	10335.548043	663.380921	25.000000	0.000000	7.330176	Infinity	0.000000	0.638874	1.000000	0.637604	0.850000	0.048263	3775.040597
IND_COGEN_WOOD	0.000248	0.000009	25.000000	0.000000	0.000000	Infinity	0.000000	0.000000	1.000000	0.000177	0.850000	0.048263	0.000039
IND_COGEN_WASTE	0.000371	0.000014	25.000000	0.000000	0.000000	Infinity	0.000000	0.000000	1.000000	0.000435	0.850000	0.048263	0.000073
IND_BOILER_GAS	0.000198	0.000004	17.000000	0.000000	0.000003	Infinity	0.000000	0.000000	1.000000	0.000471	0.950000	0.067080	0.000043
IND_BOILER_WOOD	0.000143	0.000003	17.000000	0.000000	0.000001	Infinity	0.000000	0.000000	1.000000	0.000365	0.900000	0.067080	0.000098
IND_BOILER_OIL	0.000186	0.000004	17.000000	0.000000	0.000003	Infinity	0.000000	0.000000	1.000000	0.000156	0.950000	0.067080	0.000044
IND_BOILER_COAL	0.000164	0.000003	17.000000	0.000000	0.000001	Infinity	0.000000	0.000000	1.000000	0.000101	0.900000	0.067080	0.000060
IND_BOILER_WASTE	481.690314	9.633806	17.000000	0.000000	4.188611	Infinity	0.000000	0.225615	1.000000	0.394046	0.900000	0.067080	330.481442
IND_DIRECT_ELEC	5299.151036	24.101560	15.000000	0.000000	15.961298	Infinity	0.000000	0.135512	1.000000	0.062110	0.950000	0.074944	25.697690
DHN_HP_ELEC	2890.205121	98.015652	25.000000	0.000000	8.377406	Infinity	0.000000	0.752823	1.000000	0.539222	0.950000	0.048263	1214.723891
DHN_COGEN_GAS	0.002328	0.000068	25.000000	0.000000	0.000002	Infinity	0.000000	0.000000	1.000000	0.005012	0.850000	0.048263	0.000292
DHN_COGEN_WOOD	0.000229	0.000008	25.000000	0.000000	0.000000	Infinity	0.000000	0.000000	1.000000	0.000109	0.850000	0.048263	0.000036
DHN_COGEN_WASTE	0.000286	0.000011	25.000000	0.000000	0.000000	Infinity	0.000000	0.000000	1.000000	0.000145	0.850000	0.048263	0.000056
DHN_COGEN_WET_BIOMASS	0.000167	0.000014	25.000000	0.000000	0.000000	Infinity	0.000000	0.000000	1.000000	0.000099	0.750000	0.048263	0.000070
DHN_COGEN_BIO_HYDROLYSIS	8040.338481	393.161926	15.000000	0.000000	1.771000	Infinity	0.000000	0.247177	1.000000	0.837480	0.850000	0.074944	1023.637807
DHN_BOILER_GAS	0.000054	0.000001	17.000000	0.000000	0.000001	Infinity	0.000000	0.000000	1.000000	0.000177	0.950000	0.067080	0.000012
DHN_BOILER_WOOD	0.000075	0.000002	17.000000	0.000000	0.000001	Infinity	0.000000	0.000000	1.000000	0.000159	0.900000	0.067080	0.000052
DHN_BOILER_OIL	0.000047	0.000001	17.000000	0.000000	0.000001	Infinity	0.000000	0.000000	1.000000	0.000106	0.950000	0.067080	0.000011
DHN_DEEP_GEO	0.000000	0.000000	30.000000	0.000000	0.000000	0.000000	0.000000	0.000000	1.000000	0.000000	0.850000	0.041639	0.000000
DHN_SOLAR	0.000077	0.000000	30.000000	0.000000	0.000000	Infinity	0.000000	0.000000	1.000000	0.000118	1.000000	0.041639	0.000045
DEC_HP_ELEC	11934.763030	497.281793	18.000000	0.000000	24.257648	Infinity	0.000000	1.000000	1.000000	0.444643	1.000000	0.063806	3517.359023
DEC_THHP_GAS	0.000251	0.000007	20.000000	0.000000	0.000001	Infinity	0.000000	0.000000	1.000000	0.000833	1.000000	0.058246	0.000284
DEC_COGEN_GAS	0.000361	0.000023	20.000000	0.000000	0.000000	Infinity	0.000000	0.000000	1.000000	0.000487	1.000000	0.058246	0.000088
DEC_COGEN_OIL	0.000281	0.000017	20.000000	0.000000	0.000000	Infinity	0.000000	0.000000	1.000000	0.000097	1.000000	0.058246	0.000074
DEC_ADVCOGEN_GAS	0.000833	0.000016	20.000000	0.000000	0.000000	Infinity	0.000000	0.000000	1.000000	0.000365	1.000000	0.058246	0.000024
DEC_ADVCOGEN_H2	0.000493	0.000009	20.000000	0.000000	0.000000	Infinity	0.000000	0.000000	1.000000	0.000068	1.000000	0.058246	0.000014
DEC_BOILER_GAS	0.000320	0.000010	17.000000	0.000000	0.000002	Infinity	0.000000	0.000000	1.000000	0.000205	1.000000	0.067080	0.000092
DEC_BOILER_WOOD	0.000353	0.000012	17.000000	0.000000	0.000001	Infinity	0.000000	0.000000	1.000000	0.000192	1.000000	0.067080	0.000052
DEC_BOILER_OIL	0.000256	0.000015	17.000000	0.000000	0.000002	Infinity	0.000000	0.000000	1.000000	0.000119	1.000000	0.067080	0.000082
DEC_SOLAR	0.000940	0.000010	20.000000	0.000000	0.000001	Infinity	0.000000	0.000000	1.000000	0.000747	1.000000	0.058246	0.000678
DEC_DIRECT_ELEC	0.000491	0.000002	15.000000	0.000000	0.000012	Infinity	0.000000	0.000000	1.000000	0.000133	1.000000	0.074944	0.000020
TRAMWAY_TROLLEY	6070.683042	121.413661	30.000000	0.000000	9.713093	Infinity	0.000000	0.300000	0.300000	0.342000	0.342000	0.041639	174.835672
BUS_COACH_DIESEL	0.000023	0.000001	15.000000	0.000000	0.000000	Infinity	0.000000	0.000000	1.000000	0.000261	0.297000	0.074944	0.000004
BUS_COACH_HYDIESEL	0.000152	0.000006	15.000000	0.000000	0.000000	Infinity	0.000000	0.000000	1.000000	0.000752	0.297000	0.074944	0.000022
BUS_COACH_CNG_STOICH	4555.930881	228.169370	15.000000	0.000000	7.456515	Infinity	0.000000	0.200000	1.000000	0.297000	0.297000	0.074944	708.368959
BUS_COACH_FC_HYBRIDH2	0.000033	0.000001	15.000000	0.000000	0.000000	Infinity	0.000000	0.000000	1.000000	0.000143	0.297000	0.074944	0.000004
TRAIN_PUB	30400.214648	1095.213031	40.000000	0.000000	20.132592	Infinity	0.000000	0.500000	0.500000	0.275000	0.275000	0.033427	1640.806287
CAR_GASOLINE	0.000055	0.000003	10.000000	0.000000	0.000000	Infinity	0.000000	0.000000	1.000000	0.000108	0.051400	0.108434	0.000024
CAR_DIESEL	0.000089	0.000005	10.000000	0.000000	0.000000	Infinity	0.000000	0.000000	1.000000	0.000086	0.051400	0.108434	0.000040
CAR_NG	0.000043	0.000002	10.000000	0.000000	0.000000	Infinity	0.000000	0.000000	1.000000	0.000126	0.051400	0.108434	0.000018
CAR_METHANOL	0.000010	0.000001	10.000000	0.000000	0.000000	Infinity	0.000000	0.000000	1.000000	0.000053	0.051400	0.108434	0.000004
CAR_HEV	0.000028	0.000002	10.000000	0.000000	0.000000	Infinity	0.000000	0.000000	1.000000	0.000085	0.051400	0.108434	0.000015
CAR_PHEV	0.007408	0.000552	10.000000	0.000000	0.000016	Infinity	0.000000	0.000000	1.000000	0.004228	0.051400	0.108434	0.003720
CAR_BEV	96941.953562	2154.265635	10.000000	0.000000	215.426563	Infinity	0.000000	1.000000	1.000000	0.051400	0.051400	0.108434	43947.018948
CAR_FUEL_CELL	0.000133	0.000003	10.000000	0.000000	0.000000	Infinity	0.000000	0.000000	1.000000	0.000241	0.051400	0.108434	0.000086
TRAIN_FREIGHT	850.488133	17.091540	40.000000	0.000000	8.177771	Infinity	0.000000	1.000000	1.000000	0.342000	0.342000	0.033427	397.439647
BOAT_FREIGHT_DIESEL	0.000301	0.000015	40.000000	0.000000	0.000004	Infinity	0.000000	0.000000	1.000000	0.004408	0.114000	0.033427	0.000120
BOAT_FREIGHT_NG	2249.213724	112.460686	40.000000	0.000000	29.439970	Infinity	0.000000	1.000000	1.000000	0.114000	0.114000	0.033427	897.919091
BOAT_FREIGHT_METHANOL	0.000003	0.000000	40.000000	0.000000	0.000000	Infinity	0.000000	0.000000	1.000000	0.000118	0.114000	0.033427	0.000001
TRUCK_DIESEL	0.000889	0.000045	15.000000	0.000000	0.000002	Infinity	0.000000	0.000000	1.000000	0.002234	0.092600	0.074944	0.000169
TRUCK_METHANOL	0.000009	0.000000	15.000000	0.000000	0.000000	Infinity	0.000000	0.000000	1.000000	0.000046	0.092600	0.074944	0.000002
TRUCK_FUEL_CELL	0.000241	0.000007	15.000000	0.000000	0.000001	Infinity	0.000000	0.000000	1.000000	0.000556	0.092600	0.074944	0.000061
TRUCK_ELEC	41915.706614	1255.840237	15.000000	0.000000	54.365378	Infinity	0.000000	1.000000	1.000000	0.092600	0.092600	0.074944	7719.883708
TRUCK_NG	0.004710	0.000236	15.000000	0.000000	0.000013	Infinity	0.000000	0.000000	1.000000	0.011669	0.092600	0.074944	0.000820
HABER_BOSCH	0.000220	0.000004	20.000000	0.000000	0.000000	Infinity	0.000000	1.000000	1.000000	0.000227	1.000000	0.058246	0.000077
SYN_METHANOLATION	0.000291	0.000008	20.000000	0.000000	0.000000	Infinity	0.000000	0.000000	1.000000	0.000389	0.950000	0.058246	0.000051
METHANE_TO_METHANOL	0.000273	0.000012	25.000000	0.000000	0.000000	Infinity	0.000000	0.000000	1.000000	0.000669	0.850000	0.048263	0.000084
BIOMASS_TO_METHANOL	4172.313410	63.743677	20.000000	0.000000	1.655680	Infinity	0.000000	1.000000	1.000000	0.994565	1.000000	0.058246	279.809907
OIL_TO_HVC	0.000180	0.000001	15.000000	0.000000	0.000000	Infinity	0.000000	0.000000	1.000000	0.000389	1.000000	0.074944	0.000134
GAS_TO_HVC	0.000218	0.000005	25.000000	0.000000	0.000000	Infinity	0.000000	0.000000	1.000000	0.000079	1.000000	0.048263	0.000080
BIOMASS_TO_HVC	0.000311	0.000009	20.000000	0.000000	0.000000	Infinity	0.000000	0.000000	1.000000	0.000306	1.000000	0.058246	0.000030
METHANOL_TO_HVC	3291.248353	296.070691	20.000000	0.000000	4.722021	Infinity	0.000000	1.000000	1.000000	1.000000	1.000000	0.058246	1388.274054
PHS	382.199949	0.000000	50.000000	5.000000	6.499999	6.500000	0.000000	-1.000000	1.000000	0.014363	1.000000	0.028572	
BATT_LI	1330.110447	2.056826	15.000000	0.000000	4.404339	Infinity	0.000000	-1.000000	1.000000	0.029630	1.000000	0.074944	
BEV_BATT	0.000000	0.000000	1.000000	0.000000	213.716829	Infinity	0.000000	-1.000000	1.000000	0.003916	1.000000	1.015000	
PHEV_BATT	0.000000	0.000000	1.000000	0.000000	0.000003	Infinity	0.000000	-1.000000	1.000000	0.000228	1.000000	1.015000	
TS_DEC_DIRECT_ELEC	0.000881	0.000006	20.000000	0.000000	0.000046	Infinity	0.000000	-1.000000	1.000000	0.000162	1.000000	0.058246	
TS_DEC_HP_ELEC	1474.485506	10.321399	20.000000	0.000000	77.604500	Infinity	0.000000	-1.000000	1.000000	0.031480	1.000000	0.058246	
TS_DEC_THHP_GAS	0.000880	0.000006	20.000000	0.000000	0.000046	Infinity	0.000000	-1.000000	1.000000	0.000249	1.000000	0.058246	
TS_DEC_COGEN_GAS	0.000880	0.000006	20.000000	0.000000	0.000046	Infinity	0.000000	-1.000000	1.000000	0.000179	1.000000	0.058246	
TS_DEC_COGEN_OIL	0.000879	0.000006	20.000000	0.000000	0.000046	Infinity	0.000000	-1.000000	1.000000	0.000130	1.000000	0.058246	
TS_DEC_ADVCOGEN_GAS	0.000879	0.000006	20.000000	0.000000	0.000046	Infinity	0.000000	-1.000000	1.000000	0.000145	1.000000	0.058246	
TS_DEC_ADVCOGEN_H2	0.000878	0.000006	20.000000	0.000000	0.000046	Infinity	0.000000	-1.000000	1.000000	0.000110	1.000000	0.058246	
TS_DEC_BOILER_GAS	0.000880	0.000006	20.000000	0.000000	0.000046	Infinity	0.000000	-1.000000	1.000000	0.000153	1.000000	0.058246	
TS_DEC_BOILER_WOOD	0.000880	0.000006	20.000000	0.000000	0.000046	Infinity	0.000000	-1.000000	1.000000	0.000152	1.000000	0.058246	
TS_DEC_BOILER_OIL	0.000880	0.000006	20.000000	0.000000	0.000046	Infinity	0.000000	-1.000000	1.000000	0.000139	1.000000	0.058246	
TS_DHN_DAILY	0.001078	0.000003	40.000000	0.000000	0.000359	Infinity	0.000000	-1.000000	1.000000	0.000979	1.000000	0.033427	
TS_DHN_SEASONAL	579.763284	3.177962	25.000000	0.000000	1073.635710	Infinity	0.000000	-1.000000	1.000000	0.001506	1.000000	0.048263	
TS_HIGH_TEMP	1639.731276	17.568549	25.000000	0.000000	58.561831	Infinity	0.000000	-1.000000	1.000000	0.014949	1.000000	0.048263	
GAS_STORAGE	2260.832397	57.845516	50.000000	0.000000	44156.882751	Infinity	0.000000	-1.000000	1.000000	0.000094	1.000000	0.028572	
H2_STORAGE	0.008750	0.000551	20.000000	0.000000	0.001414	Infinity	0.000000	-1.000000	1.000000	0.000017	1.000000	0.058246	
DIESEL_STORAGE	1021.082993	63.837787	20.000000	0.000000	160800.471382	Infinity	0.000000	-1.000000	1.000000	0.000000	1.000000	0.058246	
GASOLINE_STORAGE	1384.432299	86.554271	20.000000	0.000000	218020.834459	Infinity	0.000000	-1.000000	1.000000	0.000000	1.000000	0.058246	
LFO_STORAGE	464.218209	29.022776	20.000000	0.000000	73105.229745	Infinity	0.000000	-1.000000	1.000000	0.000000	1.000000	0.058246	
AMMONIA_STORAGE	572.230875	35.775694	20.000000	0.000000	90115.098424	Infinity	0.000000	-1.000000	1.000000	0.000000	1.000000	0.058246	
METHANOL_STORAGE	986.180405	61.655688	20.000000	0.000000	155304.000745	Infinity	0.000000	-1.000000	1.000000	0.000001	1.000000	0.058246	
CO2_STORAGE	0.023639	0.000236	30.000000	0.000000	0.000478	Infinity	0.000000	-1.000000	1.000000	0.000004	1.000000	0.041639	
DHN	8867.863640	0.000000	60.000000	0.000000	10.735912	Infinity	0.000000	-1.000000	1.000000	0.000000	1.000000	0.025393	
EFFICIENCY	3152.709360	0.000000	1.000000	0.000000	0.985222	Infinity	0.000000	-1.000000	1.000000	0.000000	1.000000	1.015000	
GRID	102549.364188	0.000000	80.000000	0.000000	1.369150	Infinity	0.000000	-1.000000	1.000000	0.000000	1.000000	0.021548	
AMMONIA_TO_H2	0.000098	0.000009	25.000000	0.000000	0.000000	Infinity	0.000000	-1.000000	1.000000	0.000098	0.860000	0.048263	
ATM_CCS	0.000323	0.000008	40.000000	0.000000	0.000000	Infinity	0.000000	-1.000000	1.000000	0.000043	1.000000	0.033427	
BIOMETHANATION	0.000161	0.000002	20.000000	0.000000	0.000000	Infinity	0.000000	-1.000000	1.000000	0.000208	0.850000	0.058246	
BIO_HYDROLYSIS	0.000772	0.000053	15.000000	0.000000	0.000000	Infinity	0.000000	-1.000000	1.000000	0.004095	0.850000	0.074944	
GASIFICATION_SNG	0.000222	0.000016	25.000000	0.000000	0.000000	Infinity	0.000000	-1.000000	1.000000	0.000143	0.850000	0.048263	
H2_BIOMASS	0.000216	0.000015	25.000000	0.000000	0.000000	Infinity	0.000000	-1.000000	1.000000	0.000083	0.860000	0.048263	
H2_ELECTROLYSIS	0.000357	0.000010	15.000000	0.000000	0.000001	Infinity	0.000000	-1.000000	1.000000	0.000563	0.900000	0.074944	
INDUSTRY_CCS	0.000373	0.000009	40.000000	0.000000	0.000000	Infinity	0.000000	-1.000000	1.000000	0.000114	1.000000	0.033427	
PYROLYSIS_TO_FUELS	0.000252	0.000007	25.000000	0.000000	0.000000	Infinity	0.000000	-1.000000	1.000000	0.000095	0.850000	0.048263	
PYROLYSIS_TO_LFO	0.000273	0.000012	25.000000	0.000000	0.000000	Infinity	0.000000	-1.000000	1.000000	0.000374	0.850000	0.048263	
SMR	0.000135	0.000012	25.000000	0.000000	0.000000	Infinity	0.000000	-1.000000	1.000000	0.000597	0.860000	0.048263	
SYN_METHANATION	0.000068	0.000017	40.000000	0.000000	0.000000	Infinity	0.000000	-1.000000	1.000000	0.000196	1.000000	0.033427	