Name	C_inv	C_maint	C_op
NUCLEAR	0.000000	0.000000	0.000000
CCGT	271.099775	142.609852	0.000000
CCGT_AMMONIA	0.000116	0.000061	0.000000
COAL_US	0.000000	0.000000	0.000000
COAL_IGCC	0.000000	0.000000	0.000000
PV	2484.710500	588.199334	0.000000
WIND_ONSHORE	433.047558	121.000000	0.000000
WIND_OFFSHORE	1241.680594	207.600000	0.000000
HYDRO_RIVER	19.374348	5.796000	0.000000
GEOTHERMAL	0.000000	0.000000	0.000000
IND_COGEN_GAS	498.251090	662.612044	0.000000
IND_COGEN_WOOD	0.000108	0.000082	0.000000
IND_COGEN_WASTE	0.000111	0.000085	0.000000
IND_BOILER_GAS	0.000092	0.000027	0.000000
IND_BOILER_WOOD	1.102040	0.328577	0.000000
IND_BOILER_OIL	0.000085	0.000027	0.000000
IND_BOILER_COAL	0.000082	0.000024	0.000000
IND_BOILER_WASTE	30.746972	9.167302	0.000000
IND_DIRECT_ELEC	308.215104	18.704834	0.000000
DHN_HP_ELEC	171.573390	120.558629	0.000000
DHN_COGEN_GAS	0.000434	0.000264	0.000000
DHN_COGEN_WOOD	0.000074	0.000056	0.000000
DHN_COGEN_WASTE	0.000088	0.000067	0.000000
DHN_COGEN_WET_BIOMASS	0.000054	0.000092	0.000000
DHN_COGEN_BIO_HYDROLYSIS	0.000728	0.000475	0.000000
DHN_BOILER_GAS	0.000021	0.000006	0.000000
DHN_BOILER_WOOD	0.000033	0.000010	0.000000
DHN_BOILER_OIL	0.000019	0.000006	0.000000
DHN_DEEP_GEO	0.000000	0.000000	0.000000
DHN_SOLAR	0.000051	0.000001	0.000000
DEC_HP_ELEC	762.952937	498.226098	0.000000
DEC_THHP_GAS	0.000126	0.000063	0.000000
DEC_COGEN_GAS	0.000157	0.000173	0.000000
DEC_COGEN_OIL	0.000124	0.000130	0.000000
DEC_ADVCOGEN_GAS	0.000341	0.000109	0.000000
DEC_ADVCOGEN_H2	0.000218	0.000070	0.000000
DEC_BOILER_GAS	0.000151	0.000067	0.000000
DEC_BOILER_WOOD	0.000163	0.000085	0.000000
DEC_BOILER_OIL	0.000118	0.000106	0.000000
DEC_SOLAR	0.000698	0.000133	0.000000
DEC_DIRECT_ELEC	0.000218	0.000013	0.000000
TRAMWAY_TROLLEY	252.778314	121.413661	0.000000
BUS_COACH_DIESEL	0.000047	0.000031	0.000000
BUS_COACH_HYDIESEL	0.000090	0.000048	0.000000
BUS_COACH_CNG_STOICH	341.441181	228.169287	0.000000
BUS_COACH_FC_HYBRIDH2	0.000018	0.000007	0.000000
TRAIN_PUB	1016.191068	1095.213033	0.000000
CAR_GASOLINE	0.000060	0.000032	0.000000
CAR_DIESEL	0.000042	0.000021	0.000000
CAR_NG	0.000039	0.000020	0.000000
CAR_METHANOL	0.000016	0.000008	0.000000
CAR_HEV	0.000022	0.000016	0.000000
CAR_PHEV	0.005855	0.004026	0.000000
CAR_BEV	10511.818210	2154.265056	0.000000
CAR_FUEL_CELL	0.000119	0.000025	0.000000
TRAIN_FREIGHT	28.429355	17.091542	0.000000
BOAT_FREIGHT_DIESEL	75.184626	112.460581	0.000000
BOAT_FREIGHT_NG	0.000078	0.000116	0.000000
BOAT_FREIGHT_METHANOL	0.000002	0.000002	0.000000
TRUCK_DIESEL	844.466808	564.914456	0.000000
TRUCK_METHANOL	0.000005	0.000003	0.000000
TRUCK_FUEL_CELL	0.000389	0.000156	0.000000
TRUCK_ELEC	0.000308	0.000123	0.000000
TRUCK_NG	667.127440	446.281525	0.000000
HABER_BOSCH	0.000095	0.000032	0.000000
SYN_METHANOLATION	0.000113	0.000055	0.000000
METHANE_TO_METHANOL	0.000081	0.000073	0.000000
BIOMASS_TO_METHANOL	235.541160	61.782128	0.000000
OIL_TO_HVC	0.000104	0.000007	0.000000
GAS_TO_HVC	0.000077	0.000040	0.000000
BIOMASS_TO_HVC	0.000134	0.000069	0.000000
METHANOL_TO_HVC	191.701186	296.070697	0.000000
PHS	10.920075	0.000000	0.000000
BATT_LI	0.002317	0.000048	0.000000
BEV_BATT	0.000000	0.000000	0.000000
PHEV_BATT	0.000000	0.000000	0.000000
TS_DEC_DIRECT_ELEC	0.000365	0.000044	0.000000
TS_DEC_HP_ELEC	90.779529	10.909927	0.000000
TS_DEC_THHP_GAS	0.000364	0.000044	0.000000
TS_DEC_COGEN_GAS	0.000363	0.000044	0.000000
TS_DEC_COGEN_OIL	0.000363	0.000044	0.000000
TS_DEC_ADVCOGEN_GAS	0.000363	0.000044	0.000000
TS_DEC_ADVCOGEN_H2	0.000363	0.000044	0.000000
TS_DEC_BOILER_GAS	0.000364	0.000044	0.000000
TS_DEC_BOILER_WOOD	0.000364	0.000044	0.000000
TS_DEC_BOILER_OIL	0.000364	0.000044	0.000000
TS_DHN_DAILY	0.000237	0.000020	0.000000
TS_DHN_SEASONAL	35.559844	4.038680	0.000000
TS_HIGH_TEMP	54.591899	12.119174	0.000000
GAS_STORAGE	41.791106	37.423929	0.000000
H2_STORAGE	0.003274	0.003542	0.000000
DIESEL_STORAGE	74.061214	79.495669	0.000000
GASOLINE_STORAGE	85.204145	91.456245	0.000000
LFO_STORAGE	104.108282	111.747528	0.000000
AMMONIA_STORAGE	24.053017	25.817977	0.000000
METHANOL_STORAGE	54.560370	58.563895	0.000000
CO2_STORAGE	0.005807	0.001395	0.000000
DHN	228.073674	0.000000	0.000000
EFFICIENCY	3200.000000	0.000000	0.000000
GRID	2209.766717	0.000000	0.000000
AMMONIA_TO_H2	0.000039	0.000075	0.000000
ATM_CCS	0.000080	0.000059	0.000000
BIOMETHANATION	0.000082	0.000020	0.000000
BIO_HYDROLYSIS	263.331224	240.875596	0.000000
GASIFICATION_SNG	0.000079	0.000116	0.000000
H2_BIOMASS	0.000070	0.000103	0.000000
H2_ELECTROLYSIS	0.000370	0.000135	0.000000
INDUSTRY_CCS	0.000085	0.000063	0.000000
PYROLYSIS_TO_FUELS	0.000087	0.000050	0.000000
PYROLYSIS_TO_LFO	0.000113	0.000107	0.000000
SMR	0.000050	0.000096	0.000000
SYN_METHANATION	0.000017	0.000129	0.000000
ELECTRICITY	0.000000	0.000000	2326.680000
GASOLINE	0.000000	0.000000	0.000067
DIESEL	0.000000	0.000000	0.000213
BIOETHANOL	0.000000	0.000000	0.000264
BIODIESEL	0.000000	0.000000	2077.082443
LFO	0.000000	0.000000	0.000273
GAS	0.000000	0.000000	1998.825026
GAS_RE	0.000000	0.000000	8549.820286
WOOD	0.000000	0.000000	767.520011
WET_BIOMASS	0.000000	0.000000	224.063995
COAL	0.000000	0.000000	0.000028
URANIUM	0.000000	0.000000	0.000000
WASTE	0.000000	0.000000	411.179989
H2	0.000000	0.000000	0.000001
H2_RE	0.000000	0.000000	0.000593
AMMONIA	0.000000	0.000000	0.000311
METHANOL	0.000000	0.000000	0.000341
AMMONIA_RE	0.000000	0.000000	833.967264
METHANOL_RE	0.000000	0.000000	4309.321595
ELEC_EXPORT	0.000000	0.000000	0.000000
CO2_EMISSIONS	0.000000	0.000000	0.000000
RES_WIND	0.000000	0.000000	0.000000
RES_SOLAR	0.000000	0.000000	0.000000
RES_HYDRO	0.000000	0.000000	0.000000
RES_GEO	0.000000	0.000000	0.000000
CO2_ATM	0.000000	0.000000	0.000000
CO2_INDUSTRY	0.000000	0.000000	0.000000
CO2_CAPTURED	0.000000	0.000000	0.000000
