TECHNOLOGIES	 c_inv	 c_maint	 lifetime	  f_min	 f	 f_max	 fmin_perc	f_perc	 fmax_perc	 c_p	 c_p_max	 tau	 gwp_constr
 UNITS	[M€/GW]	 [M€/GW/y]	 [y]	 [GW or GWh]	 [GW or GWh]	 [GW or GWh]	 [0-1]	 [0-1]	 [0-1]	 [0-1]	 [0-1]	 [-]	 [ktCO2-eq./GW or GWh] 
NUCLEAR	0.000000	0.000000	60.000000	0.000000	0.000000	0.000000	0.000000	0.000000	1.000000	0.000000	0.849000	0.025393	0.000000
CCGT	5567.046825	141.339531	25.000000	0.000000	7.211201	Infinity	0.000000	0.122076	1.000000	0.229882	0.962000	0.048263	1132.158486
CCGT_AMMONIA	0.000706	0.000018	25.000000	0.000000	0.000001	Infinity	0.000000	0.000000	1.000000	0.000241	0.962000	0.048263	0.000144
COAL_US	0.000000	0.000000	35.000000	0.000000	0.000000	0.000000	0.000000	0.000000	1.000000	0.000000	0.868000	0.036934	0.000000
COAL_IGCC	0.000000	0.000000	35.000000	0.000000	0.000000	0.000000	0.000000	0.000000	1.000000	0.000000	0.856000	0.036934	0.000000
PV	51482.246923	588.199465	25.000000	0.000000	59.174996	59.200000	0.000000	0.515731	1.000000	0.118350	1.000000	0.048263	65684.246074
WIND_ONSHORE	10399.999999	121.000000	30.000000	0.000000	10.000000	10.000000	0.000000	0.178310	1.000000	0.242135	1.000000	0.041639	5570.000000
WIND_OFFSHORE	29819.999993	207.600000	30.000000	0.000000	6.000000	6.000000	0.000000	0.179853	1.000000	0.407052	1.000000	0.041639	4583.999999
HYDRO_RIVER	579.600000	5.796000	40.000000	0.000000	0.115000	0.115000	0.000000	0.004030	1.000000	0.475862	1.000000	0.033427	323.150000
GEOTHERMAL	0.000000	0.000000	30.000000	0.000000	0.000000	0.000000	0.000000	0.000000	1.000000	0.000000	0.950000	0.041639	0.000000
IND_COGEN_GAS	10335.547774	663.380903	25.000000	0.000000	7.330176	Infinity	0.000000	0.638874	1.000000	0.637604	0.850000	0.048263	3775.040499
IND_COGEN_WOOD	0.000585	0.000021	25.000000	0.000000	0.000001	Infinity	0.000000	0.000000	1.000000	0.000370	0.850000	0.048263	0.000092
IND_COGEN_WASTE	0.000835	0.000031	25.000000	0.000000	0.000000	Infinity	0.000000	0.000000	1.000000	0.000943	0.850000	0.048263	0.000165
IND_BOILER_GAS	0.000447	0.000009	17.000000	0.000000	0.000008	Infinity	0.000000	0.000000	1.000000	0.001067	0.950000	0.067080	0.000098
IND_BOILER_WOOD	0.000348	0.000007	17.000000	0.000000	0.000003	Infinity	0.000000	0.000000	1.000000	0.000754	0.900000	0.067080	0.000239
IND_BOILER_OIL	0.000422	0.000009	17.000000	0.000000	0.000008	Infinity	0.000000	0.000000	1.000000	0.000315	0.950000	0.067080	0.000099
IND_BOILER_COAL	0.000400	0.000008	17.000000	0.000000	0.000003	Infinity	0.000000	0.000000	1.000000	0.000233	0.900000	0.067080	0.000145
IND_BOILER_WASTE	481.690281	9.633806	17.000000	0.000000	4.188611	Infinity	0.000000	0.225615	1.000000	0.394046	0.900000	0.067080	330.481419
IND_DIRECT_ELEC	5299.152673	24.101568	15.000000	0.000000	15.961303	Infinity	0.000000	0.135512	1.000000	0.062110	0.950000	0.074944	25.697698
DHN_HP_ELEC	2890.200969	98.015511	25.000000	0.000000	8.377394	Infinity	0.000000	0.752823	1.000000	0.539223	0.950000	0.048263	1214.722147
DHN_COGEN_GAS	0.004576	0.000134	25.000000	0.000000	0.000004	Infinity	0.000000	0.000000	1.000000	0.009764	0.850000	0.048263	0.000575
DHN_COGEN_WOOD	0.000519	0.000019	25.000000	0.000000	0.000000	Infinity	0.000000	0.000000	1.000000	0.000231	0.850000	0.048263	0.000081
DHN_COGEN_WASTE	0.000664	0.000024	25.000000	0.000000	0.000000	Infinity	0.000000	0.000000	1.000000	0.000317	0.850000	0.048263	0.000131
DHN_COGEN_WET_BIOMASS	0.000387	0.000032	25.000000	0.000000	0.000000	Infinity	0.000000	0.000000	1.000000	0.000219	0.750000	0.048263	0.000163
DHN_COGEN_BIO_HYDROLYSIS	8040.328644	393.161445	15.000000	0.000000	1.770997	Infinity	0.000000	0.247177	1.000000	0.837481	0.850000	0.074944	1023.636554
DHN_BOILER_GAS	0.000120	0.000002	17.000000	0.000000	0.000002	Infinity	0.000000	0.000000	1.000000	0.000392	0.950000	0.067080	0.000026
DHN_BOILER_WOOD	0.000166	0.000003	17.000000	0.000000	0.000001	Infinity	0.000000	0.000000	1.000000	0.000335	0.900000	0.067080	0.000114
DHN_BOILER_OIL	0.000107	0.000002	17.000000	0.000000	0.000002	Infinity	0.000000	0.000000	1.000000	0.000212	0.950000	0.067080	0.000025
DHN_DEEP_GEO	0.000000	0.000000	30.000000	0.000000	0.000000	0.000000	0.000000	0.000000	1.000000	0.000000	0.850000	0.041639	0.000000
DHN_SOLAR	0.000236	0.000000	30.000000	0.000000	0.000001	Infinity	0.000000	0.000000	1.000000	0.000362	1.000000	0.041639	0.000139
DEC_HP_ELEC	11934.762958	497.281790	18.000000	0.000000	24.257648	Infinity	0.000000	1.000000	1.000000	0.444643	1.000000	0.063806	3517.359002
DEC_THHP_GAS	0.000604	0.000018	20.000000	0.000000	0.000002	Infinity	0.000000	0.000000	1.000000	0.001853	1.000000	0.058246	0.000683
DEC_COGEN_GAS	0.000855	0.000055	20.000000	0.000000	0.000001	Infinity	0.000000	0.000000	1.000000	0.001053	1.000000	0.058246	0.000208
DEC_COGEN_OIL	0.000684	0.000042	20.000000	0.000000	0.000001	Infinity	0.000000	0.000000	1.000000	0.000198	1.000000	0.058246	0.000179
DEC_ADVCOGEN_GAS	0.001857	0.000035	20.000000	0.000000	0.000000	Infinity	0.000000	0.000000	1.000000	0.000755	1.000000	0.058246	0.000054
DEC_ADVCOGEN_H2	0.001208	0.000023	20.000000	0.000000	0.000000	Infinity	0.000000	0.000000	1.000000	0.000155	1.000000	0.058246	0.000035
DEC_BOILER_GAS	0.000762	0.000023	17.000000	0.000000	0.000005	Infinity	0.000000	0.000000	1.000000	0.000466	1.000000	0.067080	0.000219
DEC_BOILER_WOOD	0.000837	0.000029	17.000000	0.000000	0.000002	Infinity	0.000000	0.000000	1.000000	0.000409	1.000000	0.067080	0.000124
DEC_BOILER_OIL	0.000609	0.000037	17.000000	0.000000	0.000004	Infinity	0.000000	0.000000	1.000000	0.000252	1.000000	0.067080	0.000196
DEC_SOLAR	0.002225	0.000025	20.000000	0.000000	0.000003	Infinity	0.000000	0.000000	1.000000	0.001700	1.000000	0.058246	0.001606
DEC_DIRECT_ELEC	0.001131	0.000005	15.000000	0.000000	0.000028	Infinity	0.000000	0.000000	1.000000	0.000322	1.000000	0.074944	0.000046
TRAMWAY_TROLLEY	6070.683032	121.413661	30.000000	0.000000	9.713093	Infinity	0.000000	0.300000	0.300000	0.342000	0.342000	0.041639	174.835671
BUS_COACH_DIESEL	0.000074	0.000004	15.000000	0.000000	0.000000	Infinity	0.000000	0.000000	1.000000	0.000737	0.297000	0.074944	0.000012
BUS_COACH_HYDIESEL	0.000598	0.000024	15.000000	0.000000	0.000001	Infinity	0.000000	0.000000	1.000000	0.002509	0.297000	0.074944	0.000085
BUS_COACH_CNG_STOICH	4555.930391	228.169345	15.000000	0.000000	7.456515	Infinity	0.000000	0.200000	1.000000	0.297000	0.297000	0.074944	708.368882
BUS_COACH_FC_HYBRIDH2	0.000054	0.000002	15.000000	0.000000	0.000000	Infinity	0.000000	0.000000	1.000000	0.000233	0.297000	0.074944	0.000007
TRAIN_PUB	30400.214640	1095.213031	40.000000	0.000000	20.132592	Infinity	0.000000	0.500000	0.500000	0.275000	0.275000	0.033427	1640.806287
CAR_GASOLINE	0.000083	0.000005	10.000000	0.000000	0.000000	Infinity	0.000000	0.000000	1.000000	0.000173	0.051400	0.108434	0.000035
CAR_DIESEL	0.000040	0.000002	10.000000	0.000000	0.000000	Infinity	0.000000	0.000000	1.000000	0.000191	0.051400	0.108434	0.000018
CAR_NG	0.000082	0.000005	10.000000	0.000000	0.000000	Infinity	0.000000	0.000000	1.000000	0.000264	0.051400	0.108434	0.000034
CAR_METHANOL	0.000024	0.000001	10.000000	0.000000	0.000000	Infinity	0.000000	0.000000	1.000000	0.000041	0.051400	0.108434	0.000010
CAR_HEV	0.000059	0.000005	10.000000	0.000000	0.000000	Infinity	0.000000	0.000000	1.000000	0.000151	0.051400	0.108434	0.000031
CAR_PHEV	0.017400	0.001297	10.000000	0.000000	0.000038	Infinity	0.000000	0.000000	1.000000	0.009866	0.051400	0.108434	0.008738
CAR_BEV	96941.948222	2154.265516	10.000000	0.000000	215.426552	Infinity	0.000000	1.000000	1.000000	0.051400	0.051400	0.108434	43947.016527
CAR_FUEL_CELL	0.000166	0.000004	10.000000	0.000000	0.000000	Infinity	0.000000	0.000000	1.000000	0.000335	0.051400	0.108434	0.000107
TRAIN_FREIGHT	850.488131	17.091540	40.000000	0.000000	8.177770	Infinity	0.000000	1.000000	1.000000	0.342000	0.342000	0.033427	397.439646
BOAT_FREIGHT_DIESEL	0.001121	0.000056	40.000000	0.000000	0.000015	Infinity	0.000000	0.000001	1.000000	0.016857	0.114000	0.033427	0.000448
BOAT_FREIGHT_NG	2249.212881	112.460644	40.000000	0.000000	29.439959	Infinity	0.000000	0.999999	1.000000	0.114000	0.114000	0.033427	897.918755
BOAT_FREIGHT_METHANOL	0.000005	0.000000	40.000000	0.000000	0.000000	Infinity	0.000000	0.000000	1.000000	0.000108	0.114000	0.033427	0.000002
TRUCK_DIESEL	0.000060	0.000003	15.000000	0.000000	0.000000	Infinity	0.000000	0.000000	1.000000	0.000196	0.092600	0.074944	0.000011
TRUCK_METHANOL	0.000006	0.000000	15.000000	0.000000	0.000000	Infinity	0.000000	0.000000	1.000000	0.000004	0.092600	0.074944	0.000001
TRUCK_FUEL_CELL	0.000244	0.000007	15.000000	0.000000	0.000001	Infinity	0.000000	0.000000	1.000000	0.000597	0.092600	0.074944	0.000061
TRUCK_ELEC	41915.660794	1255.838864	15.000000	0.000000	54.365319	Infinity	0.000000	0.999999	1.000000	0.092600	0.092600	0.074944	7719.875269
TRUCK_NG	0.027444	0.001376	15.000000	0.000000	0.000074	Infinity	0.000000	0.000001	1.000000	0.068531	0.092600	0.074944	0.004779
HABER_BOSCH	0.000558	0.000011	20.000000	0.000000	0.000001	Infinity	0.000000	1.000000	1.000000	0.000544	1.000000	0.058246	0.000194
SYN_METHANOLATION	0.000727	0.000021	20.000000	0.000000	0.000000	Infinity	0.000000	0.000000	1.000000	0.001069	0.950000	0.058246	0.000127
METHANE_TO_METHANOL	0.001629	0.000071	25.000000	0.000000	0.000002	Infinity	0.000000	0.000001	1.000000	0.011076	0.850000	0.048263	0.000499
BIOMASS_TO_METHANOL	4172.289080	63.743305	20.000000	0.000000	1.655670	Infinity	0.000000	0.999999	1.000000	0.994571	1.000000	0.058246	279.808276
OIL_TO_HVC	0.000391	0.000002	15.000000	0.000000	0.000001	Infinity	0.000000	0.000000	1.000000	0.000640	1.000000	0.074944	0.000291
GAS_TO_HVC	0.000542	0.000014	25.000000	0.000000	0.000001	Infinity	0.000000	0.000000	1.000000	0.000192	1.000000	0.048263	0.000200
BIOMASS_TO_HVC	0.000730	0.000022	20.000000	0.000000	0.000000	Infinity	0.000000	0.000000	1.000000	0.000642	1.000000	0.058246	0.000071
METHANOL_TO_HVC	3291.248427	296.070698	20.000000	0.000000	4.722021	Infinity	0.000000	1.000000	1.000000	1.000000	1.000000	0.058246	1388.274086
PHS	382.199923	0.000000	50.000000	5.000000	6.499999	6.500000	0.000000	-1.000000	1.000000	0.014363	1.000000	0.028572	
BATT_LI	1330.114520	2.056833	15.000000	0.000000	4.404353	Infinity	0.000000	-1.000000	1.000000	0.029637	1.000000	0.074944	
BEV_BATT	0.000000	0.000000	1.000000	0.000000	213.716817	Infinity	0.000000	-1.000000	1.000000	0.003917	1.000000	1.015000	
PHEV_BATT	0.000000	0.000000	1.000000	0.000000	0.000008	Infinity	0.000000	-1.000000	1.000000	0.000535	1.000000	1.015000	
TS_DEC_DIRECT_ELEC	0.001973	0.000014	20.000000	0.000000	0.000104	Infinity	0.000000	-1.000000	1.000000	0.000395	1.000000	0.058246	
TS_DEC_HP_ELEC	1474.485358	10.321398	20.000000	0.000000	77.604493	Infinity	0.000000	-1.000000	1.000000	0.031480	1.000000	0.058246	
TS_DEC_THHP_GAS	0.001971	0.000014	20.000000	0.000000	0.000104	Infinity	0.000000	-1.000000	1.000000	0.000562	1.000000	0.058246	
TS_DEC_COGEN_GAS	0.001970	0.000014	20.000000	0.000000	0.000104	Infinity	0.000000	-1.000000	1.000000	0.000402	1.000000	0.058246	
TS_DEC_COGEN_OIL	0.001968	0.000014	20.000000	0.000000	0.000104	Infinity	0.000000	-1.000000	1.000000	0.000294	1.000000	0.058246	
TS_DEC_ADVCOGEN_GAS	0.001968	0.000014	20.000000	0.000000	0.000104	Infinity	0.000000	-1.000000	1.000000	0.000327	1.000000	0.058246	
TS_DEC_ADVCOGEN_H2	0.001966	0.000014	20.000000	0.000000	0.000103	Infinity	0.000000	-1.000000	1.000000	0.000256	1.000000	0.058246	
TS_DEC_BOILER_GAS	0.001970	0.000014	20.000000	0.000000	0.000104	Infinity	0.000000	-1.000000	1.000000	0.000359	1.000000	0.058246	
TS_DEC_BOILER_WOOD	0.001970	0.000014	20.000000	0.000000	0.000104	Infinity	0.000000	-1.000000	1.000000	0.000351	1.000000	0.058246	
TS_DEC_BOILER_OIL	0.001969	0.000014	20.000000	0.000000	0.000104	Infinity	0.000000	-1.000000	1.000000	0.000324	1.000000	0.058246	
TS_DHN_DAILY	0.002501	0.000007	40.000000	0.000000	0.000834	Infinity	0.000000	-1.000000	1.000000	0.000981	1.000000	0.033427	
TS_DHN_SEASONAL	579.772602	3.178013	25.000000	0.000000	1073.652967	Infinity	0.000000	-1.000000	1.000000	0.001506	1.000000	0.048263	
TS_HIGH_TEMP	1639.732769	17.568565	25.000000	0.000000	58.561885	Infinity	0.000000	-1.000000	1.000000	0.014949	1.000000	0.048263	
GAS_STORAGE	2860.478885	73.188034	50.000000	0.000000	55868.728223	Infinity	0.000000	-1.000000	1.000000	0.000074	1.000000	0.028572	
H2_STORAGE	0.021332	0.001344	20.000000	0.000000	0.003446	Infinity	0.000000	-1.000000	1.000000	0.000016	1.000000	0.058246	
DIESEL_STORAGE	1163.437016	72.737716	20.000000	0.000000	183218.427670	Infinity	0.000000	-1.000000	1.000000	0.000000	1.000000	0.058246	
GASOLINE_STORAGE	1389.547238	86.874056	20.000000	0.000000	218826.336746	Infinity	0.000000	-1.000000	1.000000	0.000000	1.000000	0.058246	
LFO_STORAGE	885.523499	55.362650	20.000000	0.000000	139452.519562	Infinity	0.000000	-1.000000	1.000000	0.000000	1.000000	0.058246	
AMMONIA_STORAGE	932.321620	58.288454	20.000000	0.000000	146822.302363	Infinity	0.000000	-1.000000	1.000000	0.000000	1.000000	0.058246	
METHANOL_STORAGE	1179.127608	73.718687	20.000000	0.000000	185689.387019	Infinity	0.000000	-1.000000	1.000000	0.000001	1.000000	0.058246	
CO2_STORAGE	0.059650	0.000596	30.000000	0.000000	0.001205	Infinity	0.000000	-1.000000	1.000000	0.000004	1.000000	0.041639	
DHN	8867.854095	0.000000	60.000000	0.000000	10.735901	Infinity	0.000000	-1.000000	1.000000	0.000000	1.000000	0.025393	
EFFICIENCY	3152.709360	0.000000	1.000000	0.000000	0.985222	Infinity	0.000000	-1.000000	1.000000	0.000000	1.000000	1.015000	
GRID	102549.363698	0.000000	80.000000	0.000000	1.369150	Infinity	0.000000	-1.000000	1.000000	0.000000	1.000000	0.021548	
AMMONIA_TO_H2	0.000227	0.000021	25.000000	0.000000	0.000000	Infinity	0.000000	-1.000000	1.000000	0.000224	0.860000	0.048263	
ATM_CCS	0.000785	0.000019	40.000000	0.000000	0.000000	Infinity	0.000000	-1.000000	1.000000	0.000109	1.000000	0.033427	
BIOMETHANATION	0.000350	0.000005	20.000000	0.000000	0.000000	Infinity	0.000000	-1.000000	1.000000	0.000459	0.850000	0.058246	
BIO_HYDROLYSIS	0.002568	0.000176	15.000000	0.000000	0.000002	Infinity	0.000000	-1.000000	1.000000	0.013727	0.850000	0.074944	
GASIFICATION_SNG	0.000524	0.000037	25.000000	0.000000	0.000000	Infinity	0.000000	-1.000000	1.000000	0.000302	0.850000	0.048263	
H2_BIOMASS	0.000512	0.000036	25.000000	0.000000	0.000000	Infinity	0.000000	-1.000000	1.000000	0.000182	0.860000	0.048263	
H2_ELECTROLYSIS	0.000749	0.000021	15.000000	0.000000	0.000001	Infinity	0.000000	-1.000000	1.000000	0.001320	0.900000	0.074944	
INDUSTRY_CCS	0.000901	0.000022	40.000000	0.000000	0.000000	Infinity	0.000000	-1.000000	1.000000	0.000296	1.000000	0.033427	
PYROLYSIS_TO_FUELS	0.000641	0.000018	25.000000	0.000000	0.000000	Infinity	0.000000	-1.000000	1.000000	0.000199	0.850000	0.048263	
PYROLYSIS_TO_LFO	0.000682	0.000031	25.000000	0.000000	0.000001	Infinity	0.000000	-1.000000	1.000000	0.001294	0.850000	0.048263	
SMR	0.000324	0.000030	25.000000	0.000000	0.000000	Infinity	0.000000	-1.000000	1.000000	0.001535	0.860000	0.048263	
SYN_METHANATION	0.000165	0.000042	40.000000	0.000000	0.000001	Infinity	0.000000	-1.000000	1.000000	0.000465	1.000000	0.033427	