TECHNOLOGIES	 c_inv	 c_maint	 lifetime	  f_min	 f	 f_max	 fmin_perc	f_perc	 fmax_perc	 c_p	 c_p_max	 tau	 gwp_constr
 UNITS	[M€/GW]	 [M€/GW/y]	 [y]	 [GW or GWh]	 [GW or GWh]	 [GW or GWh]	 [0-1]	 [0-1]	 [0-1]	 [0-1]	 [0-1]	 [-]	 [ktCO2-eq./GW or GWh]
NUCLEAR	0.000000	0.000000	60.000000	0.000000	0.000000	0.000000	0.000000	0.000000	1.000000	0.000000	0.849000	0.025393	0.000000
CCGT	0.000592	0.000015	25.000000	0.000000	0.000001	Infinity	0.000000	0.000000	1.000000	0.001257	0.961540	0.048263	0.000080
CCGT_AMMONIA	3055.439224	77.384457	25.000000	0.000000	3.957874	Infinity	0.000000	0.173827	1.000000	0.630000	0.630000	0.048263	521.362920
COAL_US	0.000000	0.000000	35.000000	0.000000	0.000000	0.000000	0.000000	0.000000	1.000000	0.000000	0.868000	0.036934	0.000000
COAL_IGCC	0.000000	0.000000	35.000000	0.000000	0.000000	0.000000	0.000000	0.000000	1.000000	0.000000	0.856000	0.036934	0.000000
PV	51482.247430	587.931223	25.000000	0.000000	59.174997	59.200000	0.000000	0.485808	1.000000	0.117764	1.000000	0.048263	24896.150263
WIND_ONSHORE	10399.999981	120.960000	30.000000	0.000000	10.000000	10.000000	0.000000	0.167421	1.000000	0.240158	1.000000	0.041639	3104.887962
WIND_OFFSHORE	29847.779707	207.665998	30.000000	0.000000	6.000000	6.000000	0.000000	0.169132	1.000000	0.404353	1.000000	0.041639	2915.961620
HYDRO_RIVER	580.165799	5.801152	40.000000	0.000000	0.115000	0.115000	0.000000	0.003812	1.000000	0.475523	1.000000	0.033427	96.246933
GEOTHERMAL	0.000000	0.000000	30.000000	0.000000	0.000000	0.000000	0.000000	0.000000	1.000000	0.000000	0.950000	0.041639	0.000000
IND_COGEN_GAS	3200.437487	205.721141	25.000000	0.000000	2.272990	Infinity	0.000000	0.220695	1.000000	0.839413	0.850000	0.048263	659.829418
IND_COGEN_WOOD	0.000625	0.000023	25.000000	0.000000	0.000001	Infinity	0.000000	0.000000	1.000000	0.000777	0.850000	0.048263	0.000074
IND_COGEN_WASTE	0.000644	0.000024	25.000000	0.000000	0.000000	Infinity	0.000000	0.000000	1.000000	0.000612	0.850000	0.048263	0.000067
IND_BOILER_GAS	196.319706	3.933347	17.000000	0.000000	3.333668	Infinity	0.000000	0.124431	1.000000	0.322691	0.950000	0.067080	17.875096
IND_BOILER_WOOD	383.561976	7.671194	17.000000	0.000000	3.330109	Infinity	0.000000	0.267099	1.000000	0.693418	0.900000	0.067080	139.388028
IND_BOILER_OIL	0.000532	0.000011	17.000000	0.000000	0.000010	Infinity	0.000000	0.000000	1.000000	0.001045	0.950000	0.067080	0.000052
IND_BOILER_COAL	0.000472	0.000009	17.000000	0.000000	0.000004	Infinity	0.000000	0.000000	1.000000	0.000815	0.900000	0.067080	0.000229
IND_BOILER_WASTE	276.055371	5.521075	17.000000	0.000000	2.396730	Infinity	0.000000	0.192731	1.000000	0.695208	0.900000	0.067080	105.736940
IND_DIRECT_ELEC	6220.237151	28.217570	15.000000	0.000000	18.716487	Infinity	0.000000	0.195044	1.000000	0.090093	0.950000	0.074944	15.300694
DHN_HP_ELEC	2720.901323	92.263579	25.000000	0.000000	7.892161	Infinity	0.000000	1.000000	1.000000	0.677747	0.950000	0.048263	319.425975
DHN_COGEN_GAS	0.000552	0.000016	25.000000	0.000000	0.000000	Infinity	0.000000	0.000000	1.000000	0.000568	0.850000	0.048263	0.000057
DHN_COGEN_WOOD	0.000466	0.000017	25.000000	0.000000	0.000000	Infinity	0.000000	0.000000	1.000000	0.000264	0.850000	0.048263	0.000057
DHN_COGEN_WASTE	0.000510	0.000019	25.000000	0.000000	0.000000	Infinity	0.000000	0.000000	1.000000	0.000253	0.850000	0.048263	0.000053
DHN_COGEN_WET_BIOMASS	0.000300	0.000024	25.000000	0.000000	0.000000	Infinity	0.000000	0.000000	1.000000	0.000173	0.750000	0.048263	0.000674
DHN_COGEN_BIO_HYDROLYSIS	0.000695	0.000034	15.000000	0.000000	0.000000	Infinity	0.000000	0.000000	1.000000	0.001041	0.850000	0.074944	0.000328
DHN_BOILER_GAS	0.000118	0.000002	17.000000	0.000000	0.000002	Infinity	0.000000	0.000000	1.000000	0.000580	0.950000	0.067080	0.000011
DHN_BOILER_WOOD	0.000179	0.000004	17.000000	0.000000	0.000002	Infinity	0.000000	0.000000	1.000000	0.000434	0.900000	0.067080	0.000065
DHN_BOILER_OIL	0.000137	0.000003	17.000000	0.000000	0.000002	Infinity	0.000000	0.000000	1.000000	0.000316	0.950000	0.067080	0.000013
DHN_DEEP_GEO	0.000000	0.000000	30.000000	0.000000	0.000000	0.000000	0.000000	0.000000	1.000000	0.000000	0.850000	0.041639	0.000000
DHN_SOLAR	0.000129	0.000000	30.000000	0.000000	0.000000	Infinity	0.000000	0.000000	1.000000	0.000174	1.000000	0.041639	0.000565
DEC_HP_ELEC	9629.416825	401.495914	18.000000	0.000000	19.570394	Infinity	0.000000	1.000000	1.000000	0.449381	1.000000	0.063806	792.088824
DEC_THHP_GAS	0.000922	0.000027	20.000000	0.000000	0.000003	Infinity	0.000000	0.000000	1.000000	0.003767	1.000000	0.058246	0.000562
DEC_COGEN_GAS	0.000702	0.000045	20.000000	0.000000	0.000000	Infinity	0.000000	0.000000	1.000000	0.000760	1.000000	0.058246	0.000224
DEC_COGEN_OIL	0.000667	0.000041	20.000000	0.000000	0.000001	Infinity	0.000000	0.000000	1.000000	0.000325	1.000000	0.058246	0.000230
DEC_ADVCOGEN_GAS	0.001505	0.000028	20.000000	0.000000	0.000000	Infinity	0.000000	0.000000	1.000000	0.000403	1.000000	0.058246	0.000034
DEC_ADVCOGEN_H2	0.001491	0.000028	20.000000	0.000000	0.000000	Infinity	0.000000	0.000000	1.000000	0.000399	1.000000	0.058246	0.000034
DEC_BOILER_GAS	0.000983	0.000029	17.000000	0.000000	0.000006	Infinity	0.000000	0.000000	1.000000	0.000726	1.000000	0.067080	0.000033
DEC_BOILER_WOOD	0.000781	0.000027	17.000000	0.000000	0.000002	Infinity	0.000000	0.000000	1.000000	0.000607	1.000000	0.067080	0.000071
DEC_BOILER_OIL	0.000668	0.000040	17.000000	0.000000	0.000005	Infinity	0.000000	0.000000	1.000000	0.000421	1.000000	0.067080	0.000025
DEC_SOLAR	0.002211	0.000025	20.000000	0.000000	0.000003	Infinity	0.000000	0.000000	1.000000	0.001659	1.000000	0.058246	0.004862
DEC_DIRECT_ELEC	0.000930	0.000004	15.000000	0.000000	0.000023	Infinity	0.000000	0.000000	1.000000	0.000568	1.000000	0.074944	0.000019
TRAMWAY_TROLLEY	4725.034461	94.500689	30.000000	0.000000	7.560055	Infinity	0.000000	0.300000	0.300000	0.342470	0.342470	0.041639	0.009224
BUS_COACH_DIESEL	0.000656	0.000033	15.000000	0.000000	0.000001	Infinity	0.000000	0.000000	1.000000	0.003749	0.296800	0.074944	0.000000
BUS_COACH_HYDIESEL	0.003202	0.000128	15.000000	0.000000	0.000004	Infinity	0.000000	0.000000	1.000000	0.012048	0.296800	0.074944	0.000000
BUS_COACH_CNG_STOICH	3553.949807	177.697813	15.000000	0.000000	5.815565	Infinity	0.000000	0.200000	1.000000	0.296800	0.296800	0.074944	0.021033
BUS_COACH_FC_HYBRIDH2	0.000363	0.000011	15.000000	0.000000	0.000000	Infinity	0.000000	0.000000	1.000000	0.002272	0.296800	0.074944	0.000000
TRAIN_PUB	23625.649584	852.657342	40.000000	0.000000	15.687474	Infinity	0.000000	0.500000	0.500000	0.275070	0.275070	0.033427	0.007609
CAR_GASOLINE	0.002558	0.000146	10.000000	0.000000	0.000006	Infinity	0.000000	0.000000	1.000000	0.003772	0.051370	0.108434	0.000000
CAR_DIESEL	0.000313	0.000017	10.000000	0.000000	0.000001	Infinity	0.000000	0.000000	1.000000	0.000911	0.051370	0.108434	0.000000
CAR_NG	8404.122804	469.744625	10.000000	0.000000	19.572693	Infinity	0.000000	0.116502	1.000000	0.051370	0.051370	0.108434	0.580130
CAR_METHANOL	0.000450	0.000026	10.000000	0.000000	0.000001	Infinity	0.000000	0.000000	1.000000	0.000871	0.051370	0.108434	0.000000
CAR_HEV	0.000305	0.000024	10.000000	0.000000	0.000001	Infinity	0.000000	0.000000	1.000000	0.000907	0.051370	0.108434	0.000000
CAR_PHEV	0.026830	0.001999	10.000000	0.000000	0.000059	Infinity	0.000000	0.000000	1.000000	0.019770	0.051370	0.108434	0.000002
CAR_BEV	64393.436261	1484.301138	10.000000	0.000000	148.430114	Infinity	0.000000	0.883498	1.000000	0.051370	0.051370	0.108434	6.633118
CAR_FUEL_CELL	0.000326	0.000005	10.000000	0.000000	0.000000	Infinity	0.000000	0.000000	1.000000	0.000852	0.051370	0.108434	0.000000
TRAIN_FREIGHT	737.033442	14.740046	40.000000	0.000000	7.058355	Infinity	0.000000	1.000000	1.000000	0.342470	0.342470	0.033427	0.008113
BOAT_FREIGHT_DIESEL	1941.019120	97.049544	40.000000	0.000000	25.409335	Infinity	0.000000	1.000000	1.000000	0.114160	0.114160	0.033427	0.016796
BOAT_FREIGHT_NG	0.000023	0.000001	40.000000	0.000000	0.000000	Infinity	0.000000	0.000000	1.000000	0.000987	0.114160	0.033427	0.000000
BOAT_FREIGHT_METHANOL	0.000103	0.000005	40.000000	0.000000	0.000001	Infinity	0.000000	0.000000	1.000000	0.002090	0.114160	0.033427	0.000000
TRUCK_DIESEL	0.000016	0.000001	15.000000	0.000000	0.000000	Infinity	0.000000	0.000000	1.000000	0.000174	0.092590	0.074944	0.000000
TRUCK_METHANOL	0.000295	0.000015	15.000000	0.000000	0.000001	Infinity	0.000000	0.000000	1.000000	0.000743	0.092590	0.074944	0.000000
TRUCK_FUEL_CELL	18901.580083	567.050536	15.000000	0.000000	46.993138	Infinity	0.000000	1.000000	1.000000	0.092590	0.092590	0.074944	0.675400
TRUCK_ELEC	0.000005	0.000000	15.000000	0.000000	0.000000	Infinity	0.000000	0.000000	1.000000	0.000280	0.092590	0.074944	0.000000
TRUCK_NG	0.000006	0.000000	15.000000	0.000000	0.000000	Infinity	0.000000	0.000000	1.000000	0.000148	0.092590	0.074944	0.000000
HABER_BOSCH	0.000419	0.000008	20.000000	0.000000	0.000000	Infinity	0.000000	1.000000	1.000000	0.000560	1.000000	0.058246	0.000873
SYN_METHANOLATION	0.000530	0.000015	20.000000	0.000000	0.000000	Infinity	0.000000	0.410597	1.000000	0.000805	0.950000	0.058246	0.000568
METHANE_TO_METHANOL	0.000535	0.000023	25.000000	0.000000	0.000001	Infinity	0.000000	0.378222	1.000000	0.000742	0.850000	0.048263	0.000928
BIOMASS_TO_METHANOL	0.000570	0.000009	20.000000	0.000000	0.000000	Infinity	0.000000	0.211181	1.000000	0.000414	1.000000	0.058246	0.000408
ADLIBIO_TO_HVC	0.000415	0.000006	25.000000	0.000000	0.000001	Infinity	0.000000	0.000000	1.000000	0.000077	0.850000	0.048263	0.000515
OIL_TO_HVC	0.000449	0.000002	15.000000	0.000000	0.000001	Infinity	0.000000	0.000000	1.000000	0.000493	1.000000	0.074944	0.000801
GAS_TO_HVC	0.000574	0.000014	25.000000	0.000000	0.000001	Infinity	0.000000	0.000000	1.000000	0.000514	1.000000	0.048263	0.000508
BIOMASS_TO_HVC	0.000526	0.000016	20.000000	0.000000	0.000000	Infinity	0.000000	0.000000	1.000000	0.000371	1.000000	0.058246	0.000213
METHANOL_TO_HVC	3293.143360	296.382902	20.000000	0.000000	4.723384	Infinity	0.000000	1.000000	1.000000	1.000000	1.000000	0.058246	3329.460721
PHS	382.200004	0.000000	50.000000	5.000000	6.500000	6.500000	0.000000	-1.000000	1.000000	0.018863	1.000000	0.028572	
BATT_LI	0.003589	0.000006	15.000000	0.000000	0.000012	Infinity	0.000000	-1.000000	1.000000	0.002644	1.000000	0.074944	
BEV_BATT	0.000000	0.000000	1.000000	0.000000	147.252097	Infinity	0.000000	-1.000000	1.000000	0.004130	1.000000	1.015000	
PHEV_BATT	0.000000	0.000000	1.000000	0.000000	0.000012	Infinity	0.000000	-1.000000	1.000000	0.000847	1.000000	1.015000	
TS_DEC_DIRECT_ELEC	0.002800	0.000020	20.000000	0.000000	0.000148	Infinity	0.000000	-1.000000	1.000000	0.000518	1.000000	0.058246	
TS_DEC_HP_ELEC	1330.272062	9.312795	20.000000	0.000000	70.125043	Infinity	0.000000	-1.000000	1.000000	0.029778	1.000000	0.058246	
TS_DEC_THHP_GAS	0.002094	0.000015	20.000000	0.000000	0.000110	Infinity	0.000000	-1.000000	1.000000	0.001091	1.000000	0.058246	
TS_DEC_COGEN_GAS	0.003889	0.000027	20.000000	0.000000	0.000205	Infinity	0.000000	-1.000000	1.000000	0.000362	1.000000	0.058246	
TS_DEC_COGEN_OIL	0.002516	0.000018	20.000000	0.000000	0.000133	Infinity	0.000000	-1.000000	1.000000	0.000424	1.000000	0.058246	
TS_DEC_ADVCOGEN_GAS	0.001816	0.000013	20.000000	0.000000	0.000096	Infinity	0.000000	-1.000000	1.000000	0.000603	1.000000	0.058246	
TS_DEC_ADVCOGEN_H2	0.002161	0.000015	20.000000	0.000000	0.000114	Infinity	0.000000	-1.000000	1.000000	0.000541	1.000000	0.058246	
TS_DEC_BOILER_GAS	0.002620	0.000018	20.000000	0.000000	0.000138	Infinity	0.000000	-1.000000	1.000000	0.000573	1.000000	0.058246	
TS_DEC_BOILER_WOOD	0.003712	0.000026	20.000000	0.000000	0.000196	Infinity	0.000000	-1.000000	1.000000	0.000350	1.000000	0.058246	
TS_DEC_BOILER_OIL	0.002587	0.000018	20.000000	0.000000	0.000136	Infinity	0.000000	-1.000000	1.000000	0.000444	1.000000	0.058246	
TS_DHN_DAILY	118.107546	0.338575	40.000000	0.000000	39.369182	Infinity	0.000000	-1.000000	1.000000	0.002098	1.000000	0.033427	
TS_DHN_SEASONAL	449.116941	2.460440	25.000000	0.000000	831.698040	Infinity	0.000000	-1.000000	1.000000	0.001805	1.000000	0.048263	
TS_HIGH_TEMP	2663.341430	28.505260	25.000000	0.000000	95.017532	Infinity	0.000000	-1.000000	1.000000	0.014867	1.000000	0.048263	
GAS_STORAGE	0.000791	0.000021	50.000000	0.000000	0.015826	Infinity	0.000000	-1.000000	1.000000	0.000163	1.000000	0.028572	
H2_STORAGE	0.016330	0.001029	20.000000	0.000000	0.002638	Infinity	0.000000	-1.000000	1.000000	0.000043	1.000000	0.058246	
DIESEL_STORAGE	0.021351	0.000848	20.000000	0.000000	2.135116	Infinity	0.000000	-1.000000	1.000000	0.000096	1.000000	0.058246	
GASOLINE_STORAGE	0.010585	0.000420	20.000000	0.000000	1.058537	Infinity	0.000000	-1.000000	1.000000	0.000000	1.000000	0.058246	
LFO_STORAGE	0.011071	0.000440	20.000000	0.000000	1.107108	Infinity	0.000000	-1.000000	1.000000	0.000000	1.000000	0.058246	
AMMONIA_STORAGE	0.000019	0.000001	20.000000	0.000000	0.001920	Infinity	0.000000	-1.000000	1.000000	0.000065	1.000000	0.058246	
METHANOL_STORAGE	0.000015	0.000001	20.000000	0.000000	0.001474	Infinity	0.000000	-1.000000	1.000000	0.000099	1.000000	0.058246	
CO2_STORAGE	0.002164	0.000022	30.000000	0.000000	0.000044	Infinity	0.000000	-1.000000	1.000000	0.000085	1.000000	0.041639	
AMMONIA_TO_H2	0.000484	0.000045	25.000000	0.000000	0.000001	Infinity	0.000000	-1.000000	1.000000	0.002087	0.860000	0.048263	
ATM_CCS	0.000978	0.000024	40.000000	0.000000	0.000000	Infinity	0.000000	-1.000000	1.000000	0.000190	1.000000	0.033427	
BIO_HYDROLYSIS	3517.915241	239.853729	15.000000	0.000000	2.209871	Infinity	0.000000	-1.000000	1.000000	0.850000	0.850000	0.074944	
BIOMETHANATION	0.000571	0.000008	20.000000	0.000000	0.000001	Infinity	0.000000	-1.000000	1.000000	0.000592	0.850000	0.058246	
DHN	6517.984630	0.000000	60.000000	0.000000	7.892169	Infinity	0.000000	-1.000000	1.000000	0.000000	1.000000	0.025393	
EFFICIENCY	5517.241379	0.000000	1.000000	0.000000	0.985222	Infinity	0.000000	-1.000000	1.000000	0.000000	1.000000	1.015000	
GASIFICATION_SNG	0.000549	0.000039	25.000000	0.000000	0.000000	Infinity	0.000000	-1.000000	1.000000	0.000575	0.850000	0.048263	
GRID	102568.423885	0.000000	80.000000	0.000000	1.369056	Infinity	0.000000	-1.000000	1.000000	0.000000	1.000000	0.021548	
H2_BIOMASS	0.000421	0.000030	25.000000	0.000000	0.000000	Infinity	0.000000	-1.000000	1.000000	0.000172	0.860000	0.048263	
H2_ELECTROLYSIS	0.000749	0.000021	15.000000	0.000000	0.000001	Infinity	0.000000	-1.000000	1.000000	0.001151	0.900000	0.074944	
INDUSTRY_CCS	0.001023	0.000025	40.000000	0.000000	0.000000	Infinity	0.000000	-1.000000	1.000000	0.000573	1.000000	0.033427	
PYROLYSIS_TO_FUELS	0.000582	0.000016	25.000000	0.000000	0.000000	Infinity	0.000000	-1.000000	1.000000	0.000263	0.850000	0.048263	
PYROLYSIS_TO_LFO	0.000495	0.000023	25.000000	0.000000	0.000000	Infinity	0.000000	-1.000000	1.000000	0.000809	0.850000	0.048263	
SMR	0.000379	0.000035	25.000000	0.000000	0.000001	Infinity	0.000000	-1.000000	1.000000	0.000911	0.860000	0.048263	
SYN_METHANATION	0.000231	0.000059	40.000000	0.000000	0.000001	Infinity	0.000000	-1.000000	1.000000	0.002603	1.000000	0.033427	
ADLIBIO_TO_FUEL	0.000679	0.000010	25.000000	0.000000	0.000001	Infinity	0.000000	-1.000000	1.000000	0.000406	1.000000	0.048263	
REDIFUEL	0.000860	0.000001	25.000000	0.000000	0.000000	Infinity	0.000000	-1.000000	1.000000	0.000183	0.850000	0.048263	